file,class,method,variable,usage
/home/sandro/workspace/sandro/MLCQCodeSmellSamples/scripts/../dataset/spring-data-neo4j_bf5704c5f710656d30e93eae8b89ebedb1b920cc/spring-data-neo4j/src/test/java/org/springframework/data/neo4j/examples/movies/domain/ReleasedMovie.java,org.springframework.data.neo4j.examples.movies.domain.ReleasedMovie,getReleased/0,released,1
/home/sandro/workspace/sandro/MLCQCodeSmellSamples/scripts/../dataset/spring-data-neo4j_bf5704c5f710656d30e93eae8b89ebedb1b920cc/spring-data-neo4j/src/test/java/org/springframework/data/neo4j/examples/movies/domain/ReleasedMovie.java,org.springframework.data.neo4j.examples.movies.domain.ReleasedMovie,"ReleasedMovie/3[java.lang.String,java.util.Date,java.util.Date]",cannesRelease,3
/home/sandro/workspace/sandro/MLCQCodeSmellSamples/scripts/../dataset/spring-data-neo4j_bf5704c5f710656d30e93eae8b89ebedb1b920cc/spring-data-neo4j/src/test/java/org/springframework/data/neo4j/examples/movies/domain/ReleasedMovie.java,org.springframework.data.neo4j.examples.movies.domain.ReleasedMovie,"ReleasedMovie/3[java.lang.String,java.util.Date,java.util.Date]",title,3
/home/sandro/workspace/sandro/MLCQCodeSmellSamples/scripts/../dataset/spring-data-neo4j_bf5704c5f710656d30e93eae8b89ebedb1b920cc/spring-data-neo4j/src/test/java/org/springframework/data/neo4j/examples/movies/domain/ReleasedMovie.java,org.springframework.data.neo4j.examples.movies.domain.ReleasedMovie,"ReleasedMovie/3[java.lang.String,java.util.Date,java.util.Date]",released,3
/home/sandro/workspace/sandro/MLCQCodeSmellSamples/scripts/../dataset/spring-data-neo4j_bf5704c5f710656d30e93eae8b89ebedb1b920cc/spring-data-neo4j/src/test/java/org/springframework/data/neo4j/examples/movies/domain/ReleasedMovie.java,org.springframework.data.neo4j.examples.movies.domain.ReleasedMovie,getTitle/0,title,1
/home/sandro/workspace/sandro/MLCQCodeSmellSamples/scripts/../dataset/spring-data-neo4j_bf5704c5f710656d30e93eae8b89ebedb1b920cc/spring-data-neo4j/src/test/java/org/springframework/data/neo4j/examples/movies/domain/ReleasedMovie.java,org.springframework.data.neo4j.examples.movies.domain.ReleasedMovie,getCannesRelease/0,cannesRelease,1
/home/sandro/workspace/sandro/MLCQCodeSmellSamples/scripts/../dataset/spring-data-neo4j_bf5704c5f710656d30e93eae8b89ebedb1b920cc/spring-data-neo4j/src/main/java/org/springframework/data/neo4j/bookmark/CaffeineBookmarkManager.java,org.springframework.data.neo4j.bookmark.CaffeineBookmarkManager,getBookmarks/0,cache,1
/home/sandro/workspace/sandro/MLCQCodeSmellSamples/scripts/../dataset/spring-data-neo4j_bf5704c5f710656d30e93eae8b89ebedb1b920cc/spring-data-neo4j/src/main/java/org/springframework/data/neo4j/bookmark/CaffeineBookmarkManager.java,org.springframework.data.neo4j.bookmark.CaffeineBookmarkManager,"storeBookmark/2[java.lang.String,java.util.Collection<java.lang.String>]",cache,2
/home/sandro/workspace/sandro/MLCQCodeSmellSamples/scripts/../dataset/spring-data-neo4j_bf5704c5f710656d30e93eae8b89ebedb1b920cc/spring-data-neo4j/src/main/java/org/springframework/data/neo4j/bookmark/CaffeineBookmarkManager.java,org.springframework.data.neo4j.bookmark.CaffeineBookmarkManager,"CaffeineBookmarkManager/1[org.springframework.data.neo4j.bookmark.Cache<java.lang.String,java.lang.String>]",cache,4
/home/sandro/workspace/sandro/MLCQCodeSmellSamples/scripts/../dataset/spring-data-neo4j_bf5704c5f710656d30e93eae8b89ebedb1b920cc/spring-data-neo4j/src/main/java/org/springframework/data/neo4j/bookmark/CaffeineBookmarkManager.java,org.springframework.data.neo4j.bookmark.CaffeineBookmarkManager,CaffeineBookmarkManager/0,cache,1
/home/sandro/workspace/sandro/MLCQCodeSmellSamples/scripts/../dataset/spring-data-neo4j_bf5704c5f710656d30e93eae8b89ebedb1b920cc/spring-data-neo4j/src/test/java/org/springframework/data/neo4j/nativetypes/SpatialFindByTests.java,org.springframework.data.neo4j.nativetypes.SpatialFindByTests,findByCartesianPoint3d/0,repository,1
/home/sandro/workspace/sandro/MLCQCodeSmellSamples/scripts/../dataset/spring-data-neo4j_bf5704c5f710656d30e93eae8b89ebedb1b920cc/spring-data-neo4j/src/test/java/org/springframework/data/neo4j/nativetypes/SpatialFindByTests.java,org.springframework.data.neo4j.nativetypes.SpatialFindByTests,findByGeographicPoint2d/0,repository,1
/home/sandro/workspace/sandro/MLCQCodeSmellSamples/scripts/../dataset/spring-data-neo4j_bf5704c5f710656d30e93eae8b89ebedb1b920cc/spring-data-neo4j/src/test/java/org/springframework/data/neo4j/nativetypes/SpatialFindByTests.java,org.springframework.data.neo4j.nativetypes.SpatialFindByTests,findByGeographicPoint3d/0,repository,1
/home/sandro/workspace/sandro/MLCQCodeSmellSamples/scripts/../dataset/spring-data-neo4j_bf5704c5f710656d30e93eae8b89ebedb1b920cc/spring-data-neo4j/src/test/java/org/springframework/data/neo4j/nativetypes/SpatialFindByTests.java,org.springframework.data.neo4j.nativetypes.SpatialFindByTests,setUpDomainObject/0,spatialDomain,6
/home/sandro/workspace/sandro/MLCQCodeSmellSamples/scripts/../dataset/spring-data-neo4j_bf5704c5f710656d30e93eae8b89ebedb1b920cc/spring-data-neo4j/src/test/java/org/springframework/data/neo4j/nativetypes/SpatialFindByTests.java,org.springframework.data.neo4j.nativetypes.SpatialFindByTests,setUpDomainObject/0,repository,2
/home/sandro/workspace/sandro/MLCQCodeSmellSamples/scripts/../dataset/spring-data-neo4j_bf5704c5f710656d30e93eae8b89ebedb1b920cc/spring-data-neo4j/src/test/java/org/springframework/data/neo4j/nativetypes/SpatialFindByTests.java,org.springframework.data.neo4j.nativetypes.SpatialFindByTests,findByCartesianPoint2d/0,repository,1
/home/sandro/workspace/sandro/MLCQCodeSmellSamples/scripts/../dataset/spring-data-neo4j_bf5704c5f710656d30e93eae8b89ebedb1b920cc/spring-data-neo4j/src/test/java/org/springframework/data/neo4j/examples/restaurants/domain/Diner.java,org.springframework.data.neo4j.examples.restaurants.domain.Diner,"Diner/2[java.lang.String,java.lang.String]",firstName,3
/home/sandro/workspace/sandro/MLCQCodeSmellSamples/scripts/../dataset/spring-data-neo4j_bf5704c5f710656d30e93eae8b89ebedb1b920cc/spring-data-neo4j/src/test/java/org/springframework/data/neo4j/examples/restaurants/domain/Diner.java,org.springframework.data.neo4j.examples.restaurants.domain.Diner,"Diner/2[java.lang.String,java.lang.String]",lastName,3
/home/sandro/workspace/sandro/MLCQCodeSmellSamples/scripts/../dataset/spring-data-neo4j_bf5704c5f710656d30e93eae8b89ebedb1b920cc/spring-data-neo4j/src/test/java/org/springframework/data/neo4j/examples/restaurants/domain/Diner.java,org.springframework.data.neo4j.examples.restaurants.domain.Diner,setFirstName/1[java.lang.String],firstName,3
/home/sandro/workspace/sandro/MLCQCodeSmellSamples/scripts/../dataset/spring-data-neo4j_bf5704c5f710656d30e93eae8b89ebedb1b920cc/spring-data-neo4j/src/test/java/org/springframework/data/neo4j/examples/restaurants/domain/Diner.java,org.springframework.data.neo4j.examples.restaurants.domain.Diner,setLastName/1[java.lang.String],lastName,3
/home/sandro/workspace/sandro/MLCQCodeSmellSamples/scripts/../dataset/spring-data-neo4j_bf5704c5f710656d30e93eae8b89ebedb1b920cc/spring-data-neo4j/src/test/java/org/springframework/data/neo4j/examples/restaurants/domain/Diner.java,org.springframework.data.neo4j.examples.restaurants.domain.Diner,getLastName/0,lastName,1
/home/sandro/workspace/sandro/MLCQCodeSmellSamples/scripts/../dataset/spring-data-neo4j_bf5704c5f710656d30e93eae8b89ebedb1b920cc/spring-data-neo4j/src/test/java/org/springframework/data/neo4j/examples/restaurants/domain/Diner.java,org.springframework.data.neo4j.examples.restaurants.domain.Diner,getFirstName/0,firstName,1
/home/sandro/workspace/sandro/MLCQCodeSmellSamples/scripts/../dataset/spring-data-neo4j_bf5704c5f710656d30e93eae8b89ebedb1b920cc/spring-data-neo4j/src/test/java/org/springframework/data/neo4j/repositories/support/GraphRepositoryFactoryTests.java,org.springframework.data.neo4j.repositories.support.GraphRepositoryFactoryTests,setsUpBasicInstanceCorrectly/0,factory,1
/home/sandro/workspace/sandro/MLCQCodeSmellSamples/scripts/../dataset/spring-data-neo4j_bf5704c5f710656d30e93eae8b89ebedb1b920cc/spring-data-neo4j/src/test/java/org/springframework/data/neo4j/repositories/support/GraphRepositoryFactoryTests.java,org.springframework.data.neo4j.repositories.support.GraphRepositoryFactoryTests,allowsCallingOfObjectMethods/0,factory,1
/home/sandro/workspace/sandro/MLCQCodeSmellSamples/scripts/../dataset/spring-data-neo4j_bf5704c5f710656d30e93eae8b89ebedb1b920cc/spring-data-neo4j/src/test/java/org/springframework/data/neo4j/repositories/support/GraphRepositoryFactoryTests.java,org.springframework.data.neo4j.repositories.support.GraphRepositoryFactoryTests,setUp/0,factory,1
/home/sandro/workspace/sandro/MLCQCodeSmellSamples/scripts/../dataset/spring-data-neo4j_bf5704c5f710656d30e93eae8b89ebedb1b920cc/spring-data-neo4j/src/test/java/org/springframework/data/neo4j/repositories/support/GraphRepositoryFactoryTests.java,org.springframework.data.neo4j.repositories.support.GraphRepositoryFactoryTests,usesConfiguredRepositoryBaseClass/0,factory,2
/home/sandro/workspace/sandro/MLCQCodeSmellSamples/scripts/../dataset/spring-data-neo4j_bf5704c5f710656d30e93eae8b89ebedb1b920cc/spring-data-neo4j/src/test/java/org/springframework/data/neo4j/web/domain/User.java,org.springframework.data.neo4j.web.domain.User,User/1[java.lang.String],name,3
/home/sandro/workspace/sandro/MLCQCodeSmellSamples/scripts/../dataset/spring-data-neo4j_bf5704c5f710656d30e93eae8b89ebedb1b920cc/spring-data-neo4j/src/test/java/org/springframework/data/neo4j/web/domain/User.java,org.springframework.data.neo4j.web.domain.User,User/1[java.lang.String],interested,1
/home/sandro/workspace/sandro/MLCQCodeSmellSamples/scripts/../dataset/spring-data-neo4j_bf5704c5f710656d30e93eae8b89ebedb1b920cc/spring-data-neo4j/src/test/java/org/springframework/data/neo4j/web/domain/User.java,org.springframework.data.neo4j.web.domain.User,User/1[java.lang.String],uuid,1
/home/sandro/workspace/sandro/MLCQCodeSmellSamples/scripts/../dataset/spring-data-neo4j_bf5704c5f710656d30e93eae8b89ebedb1b920cc/spring-data-neo4j/src/test/java/org/springframework/data/neo4j/web/domain/User.java,org.springframework.data.neo4j.web.domain.User,User/1[java.lang.String],friends,1
/home/sandro/workspace/sandro/MLCQCodeSmellSamples/scripts/../dataset/spring-data-neo4j_bf5704c5f710656d30e93eae8b89ebedb1b920cc/spring-data-neo4j/src/test/java/org/springframework/data/neo4j/web/domain/User.java,org.springframework.data.neo4j.web.domain.User,getFriends/0,friends,1
/home/sandro/workspace/sandro/MLCQCodeSmellSamples/scripts/../dataset/spring-data-neo4j_bf5704c5f710656d30e93eae8b89ebedb1b920cc/spring-data-neo4j/src/test/java/org/springframework/data/neo4j/web/domain/User.java,org.springframework.data.neo4j.web.domain.User,setName/1[java.lang.String],name,3
/home/sandro/workspace/sandro/MLCQCodeSmellSamples/scripts/../dataset/spring-data-neo4j_bf5704c5f710656d30e93eae8b89ebedb1b920cc/spring-data-neo4j/src/test/java/org/springframework/data/neo4j/web/domain/User.java,org.springframework.data.neo4j.web.domain.User,interestedIn/1[org.springframework.data.neo4j.web.domain.Genre],interested,1
/home/sandro/workspace/sandro/MLCQCodeSmellSamples/scripts/../dataset/spring-data-neo4j_bf5704c5f710656d30e93eae8b89ebedb1b920cc/spring-data-neo4j/src/test/java/org/springframework/data/neo4j/web/domain/User.java,org.springframework.data.neo4j.web.domain.User,notInterestedIn/1[org.springframework.data.neo4j.web.domain.Genre],interested,1
/home/sandro/workspace/sandro/MLCQCodeSmellSamples/scripts/../dataset/spring-data-neo4j_bf5704c5f710656d30e93eae8b89ebedb1b920cc/spring-data-neo4j/src/test/java/org/springframework/data/neo4j/web/domain/User.java,org.springframework.data.neo4j.web.domain.User,befriend/1[org.springframework.data.neo4j.web.domain.User],friends,1
/home/sandro/workspace/sandro/MLCQCodeSmellSamples/scripts/../dataset/spring-data-neo4j_bf5704c5f710656d30e93eae8b89ebedb1b920cc/spring-data-neo4j/src/test/java/org/springframework/data/neo4j/web/domain/User.java,org.springframework.data.neo4j.web.domain.User,getName/0,name,1
/home/sandro/workspace/sandro/MLCQCodeSmellSamples/scripts/../dataset/spring-data-neo4j_bf5704c5f710656d30e93eae8b89ebedb1b920cc/spring-data-neo4j/src/test/java/org/springframework/data/neo4j/web/domain/User.java,org.springframework.data.neo4j.web.domain.User,getUuid/0,uuid,1
/home/sandro/workspace/sandro/MLCQCodeSmellSamples/scripts/../dataset/spring-data-neo4j_bf5704c5f710656d30e93eae8b89ebedb1b920cc/spring-data-neo4j/src/main/java/org/springframework/data/neo4j/repository/query/QueryResultProxy.java,org.springframework.data.neo4j.repository.query.QueryResultProxy,"invoke/3[java.lang.Object,java.lang.reflect.Method,java.lang.Object[]]",data,3
/home/sandro/workspace/sandro/MLCQCodeSmellSamples/scripts/../dataset/spring-data-neo4j_bf5704c5f710656d30e93eae8b89ebedb1b920cc/spring-data-neo4j/src/main/java/org/springframework/data/neo4j/repository/query/QueryResultProxy.java,org.springframework.data.neo4j.repository.query.QueryResultProxy,"invoke/3[java.lang.Object,java.lang.reflect.Method,java.lang.Object[]]",log,1
/home/sandro/workspace/sandro/MLCQCodeSmellSamples/scripts/../dataset/spring-data-neo4j_bf5704c5f710656d30e93eae8b89ebedb1b920cc/spring-data-neo4j/src/main/java/org/springframework/data/neo4j/repository/query/QueryResultProxy.java,org.springframework.data.neo4j.repository.query.QueryResultProxy,"invoke/3[java.lang.Object,java.lang.reflect.Method,java.lang.Object[]]",beanGetterPattern,1
/home/sandro/workspace/sandro/MLCQCodeSmellSamples/scripts/../dataset/spring-data-neo4j_bf5704c5f710656d30e93eae8b89ebedb1b920cc/spring-data-neo4j/src/main/java/org/springframework/data/neo4j/repository/query/QueryResultProxy.java,org.springframework.data.neo4j.repository.query.QueryResultProxy,"QueryResultProxy/1[java.util.Map<java.lang.String,?>]",data,1
/home/sandro/workspace/sandro/MLCQCodeSmellSamples/scripts/../dataset/spring-data-neo4j_bf5704c5f710656d30e93eae8b89ebedb1b920cc/spring-data-neo4j/src/test/java/org/springframework/data/neo4j/domain/sample/SampleEntity.java,org.springframework.data.neo4j.domain.sample.SampleEntity,getId/0,id,1
/home/sandro/workspace/sandro/MLCQCodeSmellSamples/scripts/../dataset/spring-data-neo4j_bf5704c5f710656d30e93eae8b89ebedb1b920cc/spring-data-neo4j/src/test/java/org/springframework/data/neo4j/domain/sample/SampleEntity.java,org.springframework.data.neo4j.domain.sample.SampleEntity,"SampleEntity/2[java.lang.String,java.lang.String]",first,4
/home/sandro/workspace/sandro/MLCQCodeSmellSamples/scripts/../dataset/spring-data-neo4j_bf5704c5f710656d30e93eae8b89ebedb1b920cc/spring-data-neo4j/src/test/java/org/springframework/data/neo4j/domain/sample/SampleEntity.java,org.springframework.data.neo4j.domain.sample.SampleEntity,"SampleEntity/2[java.lang.String,java.lang.String]",second,4
/home/sandro/workspace/sandro/MLCQCodeSmellSamples/scripts/../dataset/spring-data-neo4j_bf5704c5f710656d30e93eae8b89ebedb1b920cc/spring-data-neo4j/src/test/java/org/springframework/data/neo4j/repository/cdi/Neo4jRepositoryExtensionTests.java,org.springframework.data.neo4j.repository.cdi.Neo4jRepositoryExtensionTests,setUp/0,session,2
/home/sandro/workspace/sandro/MLCQCodeSmellSamples/scripts/../dataset/spring-data-neo4j_bf5704c5f710656d30e93eae8b89ebedb1b920cc/spring-data-neo4j/src/test/java/org/springframework/data/neo4j/repository/cdi/Neo4jRepositoryExtensionTests.java,org.springframework.data.neo4j.repository.cdi.Neo4jRepositoryExtensionTests,registersSession/0,session,2
/home/sandro/workspace/sandro/MLCQCodeSmellSamples/scripts/../dataset/spring-data-neo4j_bf5704c5f710656d30e93eae8b89ebedb1b920cc/spring-data-neo4j/src/test/java/org/springframework/data/neo4j/template/TestNeo4jEventListener.java,org.springframework.data.neo4j.template.TestNeo4jEventListener,getEvent/0,event,1
/home/sandro/workspace/sandro/MLCQCodeSmellSamples/scripts/../dataset/spring-data-neo4j_bf5704c5f710656d30e93eae8b89ebedb1b920cc/spring-data-neo4j/src/test/java/org/springframework/data/neo4j/template/TestNeo4jEventListener.java,org.springframework.data.neo4j.template.TestNeo4jEventListener,onApplicationEvent/1[E],event,3
/home/sandro/workspace/sandro/MLCQCodeSmellSamples/scripts/../dataset/spring-data-neo4j_bf5704c5f710656d30e93eae8b89ebedb1b920cc/spring-data-neo4j/src/test/java/org/springframework/data/neo4j/template/TestNeo4jEventListener.java,org.springframework.data.neo4j.template.TestNeo4jEventListener,hasReceivedAnEvent/0,event,1
/home/sandro/workspace/sandro/MLCQCodeSmellSamples/scripts/../dataset/spring-data-neo4j_bf5704c5f710656d30e93eae8b89ebedb1b920cc/spring-data-neo4j/src/main/java/org/springframework/data/neo4j/conversion/MetaDataDrivenConversionService.java,org.springframework.data.neo4j.conversion.MetaDataDrivenConversionService$EntityToGraphTypeMapping,"EntityToGraphTypeMapping/2[java.lang.Class<?>,java.lang.Class<?>]",graphType,1
/home/sandro/workspace/sandro/MLCQCodeSmellSamples/scripts/../dataset/spring-data-neo4j_bf5704c5f710656d30e93eae8b89ebedb1b920cc/spring-data-neo4j/src/main/java/org/springframework/data/neo4j/conversion/MetaDataDrivenConversionService.java,org.springframework.data.neo4j.conversion.MetaDataDrivenConversionService$EntityToGraphTypeMapping,"EntityToGraphTypeMapping/2[java.lang.Class<?>,java.lang.Class<?>]",entityType,3
/home/sandro/workspace/sandro/MLCQCodeSmellSamples/scripts/../dataset/spring-data-neo4j_bf5704c5f710656d30e93eae8b89ebedb1b920cc/spring-data-neo4j/src/main/java/org/springframework/data/neo4j/transaction/SessionFactoryUtils.java,org.springframework.data.neo4j.transaction.SessionFactoryUtils,getSession/1[org.springframework.data.neo4j.transaction.SessionFactory],logger,1
/home/sandro/workspace/sandro/MLCQCodeSmellSamples/scripts/../dataset/spring-data-neo4j_bf5704c5f710656d30e93eae8b89ebedb1b920cc/spring-data-neo4j/src/test/java/org/springframework/data/neo4j/events/ModificationEvent.java,org.springframework.data.neo4j.events.ModificationEvent,ModificationEvent/1[org.springframework.data.neo4j.events.Event],source,3
/home/sandro/workspace/sandro/MLCQCodeSmellSamples/scripts/../dataset/spring-data-neo4j_bf5704c5f710656d30e93eae8b89ebedb1b920cc/spring-data-neo4j/src/test/java/org/springframework/data/neo4j/events/ModificationEvent.java,org.springframework.data.neo4j.events.ModificationEvent,getSource/0,source,1
/home/sandro/workspace/sandro/MLCQCodeSmellSamples/scripts/../dataset/spring-data-neo4j_bf5704c5f710656d30e93eae8b89ebedb1b920cc/spring-data-neo4j/src/main/java/org/springframework/data/neo4j/repository/query/spel/ParameterizedQuery.java,org.springframework.data.neo4j.repository.query.spel.ParameterizedQuery,"getParameterizedQuery/3[java.lang.String,org.springframework.data.neo4j.repository.query.spel.Parameters<?,?>,org.springframework.data.neo4j.repository.query.spel.QueryMethodEvaluationContextProvider]",methodParameters,3
/home/sandro/workspace/sandro/MLCQCodeSmellSamples/scripts/../dataset/spring-data-neo4j_bf5704c5f710656d30e93eae8b89ebedb1b920cc/spring-data-neo4j/src/main/java/org/springframework/data/neo4j/repository/query/spel/ParameterizedQuery.java,org.springframework.data.neo4j.repository.query.spel.ParameterizedQuery,"ParameterizedQuery/2[org.springframework.data.neo4j.repository.query.spel.Parameters<?,?>,org.springframework.data.neo4j.repository.query.spel.SpelEvaluator]",spelEvaluator,3
/home/sandro/workspace/sandro/MLCQCodeSmellSamples/scripts/../dataset/spring-data-neo4j_bf5704c5f710656d30e93eae8b89ebedb1b920cc/spring-data-neo4j/src/main/java/org/springframework/data/neo4j/repository/query/spel/ParameterizedQuery.java,org.springframework.data.neo4j.repository.query.spel.ParameterizedQuery,"ParameterizedQuery/2[org.springframework.data.neo4j.repository.query.spel.Parameters<?,?>,org.springframework.data.neo4j.repository.query.spel.SpelEvaluator]",methodParameters,3
/home/sandro/workspace/sandro/MLCQCodeSmellSamples/scripts/../dataset/spring-data-neo4j_bf5704c5f710656d30e93eae8b89ebedb1b920cc/spring-data-neo4j/src/main/java/org/springframework/data/neo4j/repository/query/spel/ParameterizedQuery.java,org.springframework.data.neo4j.repository.query.spel.ParameterizedQuery,getQueryString/0,spelEvaluator,1
/home/sandro/workspace/sandro/MLCQCodeSmellSamples/scripts/../dataset/spring-data-neo4j_bf5704c5f710656d30e93eae8b89ebedb1b920cc/spring-data-neo4j/src/main/java/org/springframework/data/neo4j/repository/query/spel/ParameterizedQuery.java,org.springframework.data.neo4j.repository.query.spel.ParameterizedQuery,"resolveParameter/2[java.lang.Object[],java.util.function.BiFunction<org.springframework.data.neo4j.repository.query.spel.Parameters<?,?>,java.lang.Object[],java.util.Map<java.lang.String,java.lang.Object>>]",spelEvaluator,1
/home/sandro/workspace/sandro/MLCQCodeSmellSamples/scripts/../dataset/spring-data-neo4j_bf5704c5f710656d30e93eae8b89ebedb1b920cc/spring-data-neo4j/src/main/java/org/springframework/data/neo4j/repository/query/spel/ParameterizedQuery.java,org.springframework.data.neo4j.repository.query.spel.ParameterizedQuery,"resolveParameter/2[java.lang.Object[],java.util.function.BiFunction<org.springframework.data.neo4j.repository.query.spel.Parameters<?,?>,java.lang.Object[],java.util.Map<java.lang.String,java.lang.Object>>]",methodParameters,1
/home/sandro/workspace/sandro/MLCQCodeSmellSamples/scripts/../dataset/spring-data-neo4j_bf5704c5f710656d30e93eae8b89ebedb1b920cc/spring-data-neo4j/src/main/java/org/springframework/data/neo4j/transaction/Neo4jTransactionManager.java,org.springframework.data.neo4j.transaction.Neo4jTransactionManager$SuspendedResourcesHolder,getSessionHolder/0,sessionHolder,1
/home/sandro/workspace/sandro/MLCQCodeSmellSamples/scripts/../dataset/spring-data-neo4j_bf5704c5f710656d30e93eae8b89ebedb1b920cc/spring-data-neo4j/src/main/java/org/springframework/data/neo4j/transaction/Neo4jTransactionManager.java,org.springframework.data.neo4j.transaction.Neo4jTransactionManager$SuspendedResourcesHolder,SuspendedResourcesHolder/1[org.springframework.data.neo4j.transaction.SessionHolder],sessionHolder,3
/home/sandro/workspace/sandro/MLCQCodeSmellSamples/scripts/../dataset/spring-data-neo4j_bf5704c5f710656d30e93eae8b89ebedb1b920cc/spring-data-neo4j/src/main/java/org/springframework/data/neo4j/transaction/Neo4jTransactionManager.java,org.springframework.data.neo4j.transaction.Neo4jTransactionManager,closeSessionAfterFailedBegin/1[org.springframework.data.neo4j.transaction.Neo4jTransactionManager.Neo4jTransactionObject],logger,1
/home/sandro/workspace/sandro/MLCQCodeSmellSamples/scripts/../dataset/spring-data-neo4j_bf5704c5f710656d30e93eae8b89ebedb1b920cc/spring-data-neo4j/src/main/java/org/springframework/data/neo4j/transaction/Neo4jTransactionManager.java,org.springframework.data.neo4j.transaction.Neo4jTransactionManager,doRollback/1[org.springframework.data.neo4j.transaction.DefaultTransactionStatus],logger,1
/home/sandro/workspace/sandro/MLCQCodeSmellSamples/scripts/../dataset/spring-data-neo4j_bf5704c5f710656d30e93eae8b89ebedb1b920cc/spring-data-neo4j/src/main/java/org/springframework/data/neo4j/transaction/Neo4jTransactionManager.java,org.springframework.data.neo4j.transaction.Neo4jTransactionManager,doCleanupAfterCompletion/1[java.lang.Object],logger,3
/home/sandro/workspace/sandro/MLCQCodeSmellSamples/scripts/../dataset/spring-data-neo4j_bf5704c5f710656d30e93eae8b89ebedb1b920cc/spring-data-neo4j/src/main/java/org/springframework/data/neo4j/transaction/Neo4jTransactionManager.java,org.springframework.data.neo4j.transaction.Neo4jTransactionManager,getSessionFactory/0,sessionFactory,1
/home/sandro/workspace/sandro/MLCQCodeSmellSamples/scripts/../dataset/spring-data-neo4j_bf5704c5f710656d30e93eae8b89ebedb1b920cc/spring-data-neo4j/src/main/java/org/springframework/data/neo4j/transaction/Neo4jTransactionManager.java,org.springframework.data.neo4j.transaction.Neo4jTransactionManager,doCommit/1[org.springframework.data.neo4j.transaction.DefaultTransactionStatus],bookmarkManager,2
/home/sandro/workspace/sandro/MLCQCodeSmellSamples/scripts/../dataset/spring-data-neo4j_bf5704c5f710656d30e93eae8b89ebedb1b920cc/spring-data-neo4j/src/main/java/org/springframework/data/neo4j/transaction/Neo4jTransactionManager.java,org.springframework.data.neo4j.transaction.Neo4jTransactionManager,doCommit/1[org.springframework.data.neo4j.transaction.DefaultTransactionStatus],logger,2
/home/sandro/workspace/sandro/MLCQCodeSmellSamples/scripts/../dataset/spring-data-neo4j_bf5704c5f710656d30e93eae8b89ebedb1b920cc/spring-data-neo4j/src/main/java/org/springframework/data/neo4j/transaction/Neo4jTransactionManager.java,org.springframework.data.neo4j.transaction.Neo4jTransactionManager,doGetTransaction/0,logger,2
/home/sandro/workspace/sandro/MLCQCodeSmellSamples/scripts/../dataset/spring-data-neo4j_bf5704c5f710656d30e93eae8b89ebedb1b920cc/spring-data-neo4j/src/main/java/org/springframework/data/neo4j/transaction/Neo4jTransactionManager.java,org.springframework.data.neo4j.transaction.Neo4jTransactionManager,Neo4jTransactionManager/1[org.springframework.data.neo4j.transaction.SessionFactory],sessionFactory,4
/home/sandro/workspace/sandro/MLCQCodeSmellSamples/scripts/../dataset/spring-data-neo4j_bf5704c5f710656d30e93eae8b89ebedb1b920cc/spring-data-neo4j/src/main/java/org/springframework/data/neo4j/transaction/Neo4jTransactionManager.java,org.springframework.data.neo4j.transaction.Neo4jTransactionManager,setSessionFactory/1[org.springframework.data.neo4j.transaction.SessionFactory],sessionFactory,3
/home/sandro/workspace/sandro/MLCQCodeSmellSamples/scripts/../dataset/spring-data-neo4j_bf5704c5f710656d30e93eae8b89ebedb1b920cc/spring-data-neo4j/src/main/java/org/springframework/data/neo4j/transaction/Neo4jTransactionManager.java,org.springframework.data.neo4j.transaction.Neo4jTransactionManager,getBookmarks/0,bookmarkManager,2
/home/sandro/workspace/sandro/MLCQCodeSmellSamples/scripts/../dataset/spring-data-neo4j_bf5704c5f710656d30e93eae8b89ebedb1b920cc/spring-data-neo4j/src/main/java/org/springframework/data/neo4j/transaction/Neo4jTransactionManager.java,org.springframework.data.neo4j.transaction.Neo4jTransactionManager,setBeanFactory/1[org.springframework.data.neo4j.transaction.BeanFactory],bookmarkManager,2
/home/sandro/workspace/sandro/MLCQCodeSmellSamples/scripts/../dataset/spring-data-neo4j_bf5704c5f710656d30e93eae8b89ebedb1b920cc/spring-data-neo4j/src/main/java/org/springframework/data/neo4j/transaction/Neo4jTransactionManager.java,org.springframework.data.neo4j.transaction.Neo4jTransactionManager,setBeanFactory/1[org.springframework.data.neo4j.transaction.BeanFactory],logger,2
/home/sandro/workspace/sandro/MLCQCodeSmellSamples/scripts/../dataset/spring-data-neo4j_bf5704c5f710656d30e93eae8b89ebedb1b920cc/spring-data-neo4j/src/main/java/org/springframework/data/neo4j/transaction/Neo4jTransactionManager.java,org.springframework.data.neo4j.transaction.Neo4jTransactionManager,"doBegin/2[java.lang.Object,org.springframework.data.neo4j.transaction.TransactionDefinition]",logger,4
/home/sandro/workspace/sandro/MLCQCodeSmellSamples/scripts/../dataset/spring-data-neo4j_bf5704c5f710656d30e93eae8b89ebedb1b920cc/spring-data-neo4j/src/main/java/org/springframework/data/neo4j/transaction/Neo4jTransactionManager.java,org.springframework.data.neo4j.transaction.Neo4jTransactionManager,"doBegin/2[java.lang.Object,org.springframework.data.neo4j.transaction.TransactionDefinition]",sessionFactory,1
/home/sandro/workspace/sandro/MLCQCodeSmellSamples/scripts/../dataset/spring-data-neo4j_bf5704c5f710656d30e93eae8b89ebedb1b920cc/spring-data-neo4j/src/main/java/org/springframework/data/neo4j/transaction/Neo4jTransactionManager.java,org.springframework.data.neo4j.transaction.Neo4jTransactionManager,doSetRollbackOnly/1[org.springframework.data.neo4j.transaction.DefaultTransactionStatus],logger,1
/home/sandro/workspace/sandro/MLCQCodeSmellSamples/scripts/../dataset/spring-data-neo4j_bf5704c5f710656d30e93eae8b89ebedb1b920cc/spring-data-neo4j/src/test/java/org/springframework/data/neo4j/repository/query/GraphQueryExecutionTests.java,org.springframework.data.neo4j.repository.query.GraphQueryExecutionTests,pagedExecutionShouldNotGenerateCountQueryIfQueryReportedNoResults/0,factory,1
/home/sandro/workspace/sandro/MLCQCodeSmellSamples/scripts/../dataset/spring-data-neo4j_bf5704c5f710656d30e93eae8b89ebedb1b920cc/spring-data-neo4j/src/test/java/org/springframework/data/neo4j/repository/query/GraphQueryExecutionTests.java,org.springframework.data.neo4j.repository.query.GraphQueryExecutionTests,pagedExecutionShouldNotGenerateCountQueryIfQueryReportedNoResults/0,method,1
/home/sandro/workspace/sandro/MLCQCodeSmellSamples/scripts/../dataset/spring-data-neo4j_bf5704c5f710656d30e93eae8b89ebedb1b920cc/spring-data-neo4j/src/test/java/org/springframework/data/neo4j/repository/query/GraphQueryExecutionTests.java,org.springframework.data.neo4j.repository.query.GraphQueryExecutionTests,pagedExecutionShouldNotGenerateCountQueryIfQueryReportedNoResults/0,sessionMock,4
/home/sandro/workspace/sandro/MLCQCodeSmellSamples/scripts/../dataset/spring-data-neo4j_bf5704c5f710656d30e93eae8b89ebedb1b920cc/spring-data-neo4j/src/test/java/org/springframework/data/neo4j/namedquery/NamedQueryTests.java,org.springframework.data.neo4j.namedquery.NamedQueryTests,findElementByDerivedFunction/0,repository,1
/home/sandro/workspace/sandro/MLCQCodeSmellSamples/scripts/../dataset/spring-data-neo4j_bf5704c5f710656d30e93eae8b89ebedb1b920cc/spring-data-neo4j/src/test/java/org/springframework/data/neo4j/namedquery/NamedQueryTests.java,org.springframework.data.neo4j.namedquery.NamedQueryTests,findElementByDerivedFunction/0,SAMPLE_ENTITY_NAME,1
/home/sandro/workspace/sandro/MLCQCodeSmellSamples/scripts/../dataset/spring-data-neo4j_bf5704c5f710656d30e93eae8b89ebedb1b920cc/spring-data-neo4j/src/test/java/org/springframework/data/neo4j/namedquery/NamedQueryTests.java,org.springframework.data.neo4j.namedquery.NamedQueryTests,findElementByNamedQueryWithParameter/0,repository,1
/home/sandro/workspace/sandro/MLCQCodeSmellSamples/scripts/../dataset/spring-data-neo4j_bf5704c5f710656d30e93eae8b89ebedb1b920cc/spring-data-neo4j/src/test/java/org/springframework/data/neo4j/namedquery/NamedQueryTests.java,org.springframework.data.neo4j.namedquery.NamedQueryTests,findElementByNamedQueryWithParameter/0,SAMPLE_ENTITY_NAME,1
/home/sandro/workspace/sandro/MLCQCodeSmellSamples/scripts/../dataset/spring-data-neo4j_bf5704c5f710656d30e93eae8b89ebedb1b920cc/spring-data-neo4j/src/test/java/org/springframework/data/neo4j/namedquery/NamedQueryTests.java,org.springframework.data.neo4j.namedquery.NamedQueryTests,findElementByQueryAnnotation/0,repository,1
/home/sandro/workspace/sandro/MLCQCodeSmellSamples/scripts/../dataset/spring-data-neo4j_bf5704c5f710656d30e93eae8b89ebedb1b920cc/spring-data-neo4j/src/test/java/org/springframework/data/neo4j/namedquery/NamedQueryTests.java,org.springframework.data.neo4j.namedquery.NamedQueryTests,createAndSaveSampleEntity/0,repository,1
/home/sandro/workspace/sandro/MLCQCodeSmellSamples/scripts/../dataset/spring-data-neo4j_bf5704c5f710656d30e93eae8b89ebedb1b920cc/spring-data-neo4j/src/test/java/org/springframework/data/neo4j/namedquery/NamedQueryTests.java,org.springframework.data.neo4j.namedquery.NamedQueryTests,createAndSaveSampleEntity/0,SAMPLE_ENTITY_NAME,1
/home/sandro/workspace/sandro/MLCQCodeSmellSamples/scripts/../dataset/spring-data-neo4j_bf5704c5f710656d30e93eae8b89ebedb1b920cc/spring-data-neo4j/src/test/java/org/springframework/data/neo4j/namedquery/NamedQueryTests.java,org.springframework.data.neo4j.namedquery.NamedQueryTests,findElementByNamedQuery/0,repository,1
/home/sandro/workspace/sandro/MLCQCodeSmellSamples/scripts/../dataset/spring-data-neo4j_bf5704c5f710656d30e93eae8b89ebedb1b920cc/spring-data-neo4j/src/test/java/org/springframework/data/neo4j/transactions/service/ServiceA.java,org.springframework.data.neo4j.transactions.service.ServiceA,run/0,serviceB,1
/home/sandro/workspace/sandro/MLCQCodeSmellSamples/scripts/../dataset/spring-data-neo4j_bf5704c5f710656d30e93eae8b89ebedb1b920cc/spring-data-neo4j/src/test/java/org/springframework/data/neo4j/transactions/service/ServiceA.java,org.springframework.data.neo4j.transactions.service.ServiceA,saveBilbo/0,userRepository,1
/home/sandro/workspace/sandro/MLCQCodeSmellSamples/scripts/../dataset/spring-data-neo4j_bf5704c5f710656d30e93eae8b89ebedb1b920cc/spring-data-neo4j/src/main/java/org/springframework/data/neo4j/repository/query/GraphParameters.java,org.springframework.data.neo4j.repository.query.GraphParameters$GraphParameter,isDepthParameter/0,parameter,1
/home/sandro/workspace/sandro/MLCQCodeSmellSamples/scripts/../dataset/spring-data-neo4j_bf5704c5f710656d30e93eae8b89ebedb1b920cc/spring-data-neo4j/src/main/java/org/springframework/data/neo4j/repository/query/GraphParameters.java,org.springframework.data.neo4j.repository.query.GraphParameters$GraphParameter,isSpecialParameter/0,parameter,1
/home/sandro/workspace/sandro/MLCQCodeSmellSamples/scripts/../dataset/spring-data-neo4j_bf5704c5f710656d30e93eae8b89ebedb1b920cc/spring-data-neo4j/src/main/java/org/springframework/data/neo4j/repository/query/GraphParameters.java,org.springframework.data.neo4j.repository.query.GraphParameters$GraphParameter,GraphParameter/1[org.springframework.data.neo4j.repository.query.MethodParameter],parameter,5
/home/sandro/workspace/sandro/MLCQCodeSmellSamples/scripts/../dataset/spring-data-neo4j_bf5704c5f710656d30e93eae8b89ebedb1b920cc/spring-data-neo4j/src/test/java/org/springframework/data/neo4j/transactions/service/ServiceB.java,org.springframework.data.neo4j.transactions.service.ServiceB,getBilbo/0,userRepository,1
/home/sandro/workspace/sandro/MLCQCodeSmellSamples/scripts/../dataset/spring-data-neo4j_bf5704c5f710656d30e93eae8b89ebedb1b920cc/spring-data-neo4j/src/test/java/org/springframework/data/neo4j/namedquery/domain/SampleEntityForNamedQuery.java,org.springframework.data.neo4j.namedquery.domain.SampleEntityForNamedQuery,getName/0,name,1
/home/sandro/workspace/sandro/MLCQCodeSmellSamples/scripts/../dataset/spring-data-neo4j_bf5704c5f710656d30e93eae8b89ebedb1b920cc/spring-data-neo4j/src/test/java/org/springframework/data/neo4j/namedquery/domain/SampleEntityForNamedQuery.java,org.springframework.data.neo4j.namedquery.domain.SampleEntityForNamedQuery,getId/0,id,1
/home/sandro/workspace/sandro/MLCQCodeSmellSamples/scripts/../dataset/spring-data-neo4j_bf5704c5f710656d30e93eae8b89ebedb1b920cc/spring-data-neo4j/src/test/java/org/springframework/data/neo4j/namedquery/domain/SampleEntityForNamedQuery.java,org.springframework.data.neo4j.namedquery.domain.SampleEntityForNamedQuery,setName/1[java.lang.String],name,3
/home/sandro/workspace/sandro/MLCQCodeSmellSamples/scripts/../dataset/spring-data-neo4j_bf5704c5f710656d30e93eae8b89ebedb1b920cc/spring-data-neo4j/src/main/java/org/springframework/data/neo4j/conversion/Neo4jOgmEntityInstantiatorAdapter.java,org.springframework.data.neo4j.conversion.Neo4jOgmEntityInstantiatorAdapter$Neo4jPropertyValueProvider,extractParameterValue/1[PreferredConstructor.Parameter],propertyValues,1
/home/sandro/workspace/sandro/MLCQCodeSmellSamples/scripts/../dataset/spring-data-neo4j_bf5704c5f710656d30e93eae8b89ebedb1b920cc/spring-data-neo4j/src/main/java/org/springframework/data/neo4j/conversion/Neo4jOgmEntityInstantiatorAdapter.java,org.springframework.data.neo4j.conversion.Neo4jOgmEntityInstantiatorAdapter$Neo4jPropertyValueProvider,getParameterValue/1[PreferredConstructor.Parameter],conversionService,2
/home/sandro/workspace/sandro/MLCQCodeSmellSamples/scripts/../dataset/spring-data-neo4j_bf5704c5f710656d30e93eae8b89ebedb1b920cc/spring-data-neo4j/src/main/java/org/springframework/data/neo4j/conversion/Neo4jOgmEntityInstantiatorAdapter.java,org.springframework.data.neo4j.conversion.Neo4jOgmEntityInstantiatorAdapter$Neo4jPropertyValueProvider,"Neo4jPropertyValueProvider/2[java.util.Map<java.lang.String,java.lang.Object>,org.springframework.data.neo4j.conversion.ConversionService]",propertyValues,4
/home/sandro/workspace/sandro/MLCQCodeSmellSamples/scripts/../dataset/spring-data-neo4j_bf5704c5f710656d30e93eae8b89ebedb1b920cc/spring-data-neo4j/src/main/java/org/springframework/data/neo4j/conversion/Neo4jOgmEntityInstantiatorAdapter.java,org.springframework.data.neo4j.conversion.Neo4jOgmEntityInstantiatorAdapter$Neo4jPropertyValueProvider,"Neo4jPropertyValueProvider/2[java.util.Map<java.lang.String,java.lang.Object>,org.springframework.data.neo4j.conversion.ConversionService]",conversionService,3
/home/sandro/workspace/sandro/MLCQCodeSmellSamples/scripts/../dataset/spring-data-neo4j_bf5704c5f710656d30e93eae8b89ebedb1b920cc/spring-data-neo4j/src/test/java/org/springframework/data/neo4j/transactions/service/WrapperService.java,org.springframework.data.neo4j.transactions.service.WrapperService,composeFailThenSuccess/0,businessService,2
/home/sandro/workspace/sandro/MLCQCodeSmellSamples/scripts/../dataset/spring-data-neo4j_bf5704c5f710656d30e93eae8b89ebedb1b920cc/spring-data-neo4j/src/test/java/org/springframework/data/neo4j/transactions/service/WrapperService.java,org.springframework.data.neo4j.transactions.service.WrapperService,fetch/0,businessService,1
/home/sandro/workspace/sandro/MLCQCodeSmellSamples/scripts/../dataset/spring-data-neo4j_bf5704c5f710656d30e93eae8b89ebedb1b920cc/spring-data-neo4j/src/test/java/org/springframework/data/neo4j/transactions/service/WrapperService.java,org.springframework.data.neo4j.transactions.service.WrapperService,rollbackWithCheckedException/0,businessService,1
/home/sandro/workspace/sandro/MLCQCodeSmellSamples/scripts/../dataset/spring-data-neo4j_bf5704c5f710656d30e93eae8b89ebedb1b920cc/spring-data-neo4j/src/test/java/org/springframework/data/neo4j/transactions/service/WrapperService.java,org.springframework.data.neo4j.transactions.service.WrapperService,composeSuccessThenSuccess/0,businessService,2
/home/sandro/workspace/sandro/MLCQCodeSmellSamples/scripts/../dataset/spring-data-neo4j_bf5704c5f710656d30e93eae8b89ebedb1b920cc/spring-data-neo4j/src/test/java/org/springframework/data/neo4j/transactions/service/WrapperService.java,org.springframework.data.neo4j.transactions.service.WrapperService,composeSuccessThenFail/0,businessService,2
/home/sandro/workspace/sandro/MLCQCodeSmellSamples/scripts/../dataset/spring-data-neo4j_bf5704c5f710656d30e93eae8b89ebedb1b920cc/spring-data-neo4j/src/test/java/org/springframework/data/neo4j/transactions/service/WrapperService.java,org.springframework.data.neo4j.transactions.service.WrapperService,composeFailThenFail/0,businessService,2
/home/sandro/workspace/sandro/MLCQCodeSmellSamples/scripts/../dataset/spring-data-neo4j_bf5704c5f710656d30e93eae8b89ebedb1b920cc/spring-data-neo4j/src/main/java/org/springframework/data/neo4j/repository/query/FilterBuildersDefinition.java,org.springframework.data.neo4j.repository.query.FilterBuildersDefinition$UnstartedBuild,UnstartedBuild/1[java.lang.Class<?>],entityType,3
/home/sandro/workspace/sandro/MLCQCodeSmellSamples/scripts/../dataset/spring-data-neo4j_bf5704c5f710656d30e93eae8b89ebedb1b920cc/spring-data-neo4j/src/main/java/org/springframework/data/neo4j/repository/query/FilterBuildersDefinition.java,org.springframework.data.neo4j.repository.query.FilterBuildersDefinition$UnstartedBuild,startWith/1[org.springframework.data.neo4j.repository.query.Part],entityType,1
/home/sandro/workspace/sandro/MLCQCodeSmellSamples/scripts/../dataset/spring-data-neo4j_bf5704c5f710656d30e93eae8b89ebedb1b920cc/spring-data-neo4j/src/test/java/org/springframework/data/neo4j/examples/movies/domain/queryresult/UserQueryResultObject.java,org.springframework.data.neo4j.examples.movies.domain.queryresult.UserQueryResultObject,getAgeOfUser/0,ageOfUser,1
/home/sandro/workspace/sandro/MLCQCodeSmellSamples/scripts/../dataset/spring-data-neo4j_bf5704c5f710656d30e93eae8b89ebedb1b920cc/spring-data-neo4j/src/test/java/org/springframework/data/neo4j/examples/movies/domain/queryresult/UserQueryResultObject.java,org.springframework.data.neo4j.examples.movies.domain.queryresult.UserQueryResultObject,getName/0,name,1
/home/sandro/workspace/sandro/MLCQCodeSmellSamples/scripts/../dataset/spring-data-neo4j_bf5704c5f710656d30e93eae8b89ebedb1b920cc/spring-data-neo4j/src/test/java/org/springframework/data/neo4j/examples/movies/domain/queryresult/UserQueryResultObject.java,org.springframework.data.neo4j.examples.movies.domain.queryresult.UserQueryResultObject,getUser/0,user,1
/home/sandro/workspace/sandro/MLCQCodeSmellSamples/scripts/../dataset/spring-data-neo4j_bf5704c5f710656d30e93eae8b89ebedb1b920cc/spring-data-neo4j/src/test/java/org/springframework/data/neo4j/nativetypes/SpatialConversionTests.java,org.springframework.data.neo4j.nativetypes.SpatialConversionTests,registeredOldConverterShouldStillWork/0,restaurantRepository,2
/home/sandro/workspace/sandro/MLCQCodeSmellSamples/scripts/../dataset/spring-data-neo4j_bf5704c5f710656d30e93eae8b89ebedb1b920cc/spring-data-neo4j/src/test/java/org/springframework/data/neo4j/nativetypes/SpatialConversionTests.java,org.springframework.data.neo4j.nativetypes.SpatialConversionTests,findByPointShouldWorkWhenConvertedToNative/0,CLARION,1
/home/sandro/workspace/sandro/MLCQCodeSmellSamples/scripts/../dataset/spring-data-neo4j_bf5704c5f710656d30e93eae8b89ebedb1b920cc/spring-data-neo4j/src/test/java/org/springframework/data/neo4j/nativetypes/SpatialConversionTests.java,org.springframework.data.neo4j.nativetypes.SpatialConversionTests,findByPointShouldWorkWhenConvertedToNative/0,MINC,1
/home/sandro/workspace/sandro/MLCQCodeSmellSamples/scripts/../dataset/spring-data-neo4j_bf5704c5f710656d30e93eae8b89ebedb1b920cc/spring-data-neo4j/src/test/java/org/springframework/data/neo4j/nativetypes/SpatialConversionTests.java,org.springframework.data.neo4j.nativetypes.SpatialConversionTests,findByPointShouldWorkWhenConvertedToNative/0,sessionFactory,1
/home/sandro/workspace/sandro/MLCQCodeSmellSamples/scripts/../dataset/spring-data-neo4j_bf5704c5f710656d30e93eae8b89ebedb1b920cc/spring-data-neo4j/src/test/java/org/springframework/data/neo4j/nativetypes/SpatialConversionTests.java,org.springframework.data.neo4j.nativetypes.SpatialConversionTests,findByPointShouldWorkWhenConvertedToNative/0,NEO_HQ,1
/home/sandro/workspace/sandro/MLCQCodeSmellSamples/scripts/../dataset/spring-data-neo4j_bf5704c5f710656d30e93eae8b89ebedb1b920cc/spring-data-neo4j/src/test/java/org/springframework/data/neo4j/nativetypes/SpatialConversionTests.java,org.springframework.data.neo4j.nativetypes.SpatialConversionTests,findByPointShouldWorkWhenConvertedToNative/0,repository,1
/home/sandro/workspace/sandro/MLCQCodeSmellSamples/scripts/../dataset/spring-data-neo4j_bf5704c5f710656d30e93eae8b89ebedb1b920cc/spring-data-neo4j/src/test/java/org/springframework/data/neo4j/nativetypes/SpatialConversionTests.java,org.springframework.data.neo4j.nativetypes.SpatialConversionTests,shouldReadAndWriteSpringDataGeoPoints/0,repository,2
/home/sandro/workspace/sandro/MLCQCodeSmellSamples/scripts/../dataset/spring-data-neo4j_bf5704c5f710656d30e93eae8b89ebedb1b920cc/spring-data-neo4j/src/main/java/org/springframework/data/neo4j/repository/query/GraphQueryExecution.java,org.springframework.data.neo4j.repository.query.GraphQueryExecution$QueryResultExecution,"QueryResultExecution/2[org.springframework.data.neo4j.repository.query.Session,org.springframework.data.neo4j.repository.query.GraphParameterAccessor]",session,3
/home/sandro/workspace/sandro/MLCQCodeSmellSamples/scripts/../dataset/spring-data-neo4j_bf5704c5f710656d30e93eae8b89ebedb1b920cc/spring-data-neo4j/src/main/java/org/springframework/data/neo4j/repository/query/GraphQueryExecution.java,org.springframework.data.neo4j.repository.query.GraphQueryExecution$QueryResultExecution,"QueryResultExecution/2[org.springframework.data.neo4j.repository.query.Session,org.springframework.data.neo4j.repository.query.GraphParameterAccessor]",accessor,3
/home/sandro/workspace/sandro/MLCQCodeSmellSamples/scripts/../dataset/spring-data-neo4j_bf5704c5f710656d30e93eae8b89ebedb1b920cc/spring-data-neo4j/src/main/java/org/springframework/data/neo4j/repository/query/GraphQueryExecution.java,org.springframework.data.neo4j.repository.query.GraphQueryExecution$QueryResultExecution,"execute/2[org.springframework.data.neo4j.repository.query.Query,java.lang.Class<?>]",session,1
/home/sandro/workspace/sandro/MLCQCodeSmellSamples/scripts/../dataset/spring-data-neo4j_bf5704c5f710656d30e93eae8b89ebedb1b920cc/spring-data-neo4j/src/main/java/org/springframework/data/neo4j/repository/query/GraphQueryExecution.java,org.springframework.data.neo4j.repository.query.GraphQueryExecution$QueryResultExecution,"execute/2[org.springframework.data.neo4j.repository.query.Query,java.lang.Class<?>]",accessor,1
/home/sandro/workspace/sandro/MLCQCodeSmellSamples/scripts/../dataset/spring-data-neo4j_bf5704c5f710656d30e93eae8b89ebedb1b920cc/spring-data-neo4j/src/main/java/org/springframework/data/neo4j/mapping/Neo4jMappingContext.java,org.springframework.data.neo4j.mapping.Neo4jMappingContext,createPersistentEntity/1[org.springframework.data.neo4j.mapping.TypeInformation<T>],logger,1
/home/sandro/workspace/sandro/MLCQCodeSmellSamples/scripts/../dataset/spring-data-neo4j_bf5704c5f710656d30e93eae8b89ebedb1b920cc/spring-data-neo4j/src/main/java/org/springframework/data/neo4j/mapping/Neo4jMappingContext.java,org.springframework.data.neo4j.mapping.Neo4jMappingContext,installDefaultConverter/0,metaData,1
/home/sandro/workspace/sandro/MLCQCodeSmellSamples/scripts/../dataset/spring-data-neo4j_bf5704c5f710656d30e93eae8b89ebedb1b920cc/spring-data-neo4j/src/main/java/org/springframework/data/neo4j/mapping/Neo4jMappingContext.java,org.springframework.data.neo4j.mapping.Neo4jMappingContext,"shouldUpdateSimpleTypes/3[org.springframework.data.neo4j.mapping.SimpleTypeHolder,java.lang.reflect.Field,java.lang.Class<?>]",metaData,1
/home/sandro/workspace/sandro/MLCQCodeSmellSamples/scripts/../dataset/spring-data-neo4j_bf5704c5f710656d30e93eae8b89ebedb1b920cc/spring-data-neo4j/src/main/java/org/springframework/data/neo4j/mapping/Neo4jMappingContext.java,org.springframework.data.neo4j.mapping.Neo4jMappingContext,"shouldUpdateSimpleTypes/3[org.springframework.data.neo4j.mapping.SimpleTypeHolder,java.lang.reflect.Field,java.lang.Class<?>]",logger,1
/home/sandro/workspace/sandro/MLCQCodeSmellSamples/scripts/../dataset/spring-data-neo4j_bf5704c5f710656d30e93eae8b89ebedb1b920cc/spring-data-neo4j/src/main/java/org/springframework/data/neo4j/mapping/Neo4jMappingContext.java,org.springframework.data.neo4j.mapping.Neo4jMappingContext,"getInstantiatorFor/1[org.springframework.data.neo4j.mapping.PersistentEntity<?,?>]",instantiators,1
/home/sandro/workspace/sandro/MLCQCodeSmellSamples/scripts/../dataset/spring-data-neo4j_bf5704c5f710656d30e93eae8b89ebedb1b920cc/spring-data-neo4j/src/main/java/org/springframework/data/neo4j/mapping/Neo4jMappingContext.java,org.springframework.data.neo4j.mapping.Neo4jMappingContext,"createPersistentProperty/3[org.springframework.data.neo4j.mapping.Property,org.springframework.data.neo4j.mapping.Neo4jPersistentEntity<?>,org.springframework.data.neo4j.mapping.SimpleTypeHolder]",metaData,1
/home/sandro/workspace/sandro/MLCQCodeSmellSamples/scripts/../dataset/spring-data-neo4j_bf5704c5f710656d30e93eae8b89ebedb1b920cc/spring-data-neo4j/src/main/java/org/springframework/data/neo4j/mapping/Neo4jMappingContext.java,org.springframework.data.neo4j.mapping.Neo4jMappingContext,"createPersistentProperty/3[org.springframework.data.neo4j.mapping.Property,org.springframework.data.neo4j.mapping.Neo4jPersistentEntity<?>,org.springframework.data.neo4j.mapping.SimpleTypeHolder]",logger,1
/home/sandro/workspace/sandro/MLCQCodeSmellSamples/scripts/../dataset/spring-data-neo4j_bf5704c5f710656d30e93eae8b89ebedb1b920cc/spring-data-neo4j/src/main/java/org/springframework/data/neo4j/mapping/Neo4jMappingContext.java,org.springframework.data.neo4j.mapping.Neo4jMappingContext,Neo4jMappingContext/1[org.springframework.data.neo4j.mapping.MetaData],metaData,5
/home/sandro/workspace/sandro/MLCQCodeSmellSamples/scripts/../dataset/spring-data-neo4j_bf5704c5f710656d30e93eae8b89ebedb1b920cc/spring-data-neo4j/src/main/java/org/springframework/data/neo4j/mapping/Neo4jMappingContext.java,org.springframework.data.neo4j.mapping.Neo4jMappingContext,Neo4jMappingContext/1[org.springframework.data.neo4j.mapping.MetaData],logger,1
/home/sandro/workspace/sandro/MLCQCodeSmellSamples/scripts/../dataset/spring-data-neo4j_bf5704c5f710656d30e93eae8b89ebedb1b920cc/spring-data-neo4j/src/test/java/org/springframework/data/neo4j/integration/conversion/domain/PensionPlan.java,org.springframework.data.neo4j.integration.conversion.domain.PensionPlan,"PensionPlan/2[org.springframework.data.neo4j.integration.conversion.domain.MonetaryAmount,java.lang.String]",fundValue,3
/home/sandro/workspace/sandro/MLCQCodeSmellSamples/scripts/../dataset/spring-data-neo4j_bf5704c5f710656d30e93eae8b89ebedb1b920cc/spring-data-neo4j/src/test/java/org/springframework/data/neo4j/integration/conversion/domain/PensionPlan.java,org.springframework.data.neo4j.integration.conversion.domain.PensionPlan,"PensionPlan/2[org.springframework.data.neo4j.integration.conversion.domain.MonetaryAmount,java.lang.String]",providerName,3
/home/sandro/workspace/sandro/MLCQCodeSmellSamples/scripts/../dataset/spring-data-neo4j_bf5704c5f710656d30e93eae8b89ebedb1b920cc/spring-data-neo4j/src/test/java/org/springframework/data/neo4j/integration/conversion/domain/PensionPlan.java,org.springframework.data.neo4j.integration.conversion.domain.PensionPlan,getJavaElement/0,javaElement,1
/home/sandro/workspace/sandro/MLCQCodeSmellSamples/scripts/../dataset/spring-data-neo4j_bf5704c5f710656d30e93eae8b89ebedb1b920cc/spring-data-neo4j/src/test/java/org/springframework/data/neo4j/integration/conversion/domain/PensionPlan.java,org.springframework.data.neo4j.integration.conversion.domain.PensionPlan,getFundValue/0,fundValue,1
/home/sandro/workspace/sandro/MLCQCodeSmellSamples/scripts/../dataset/spring-data-neo4j_bf5704c5f710656d30e93eae8b89ebedb1b920cc/spring-data-neo4j/src/test/java/org/springframework/data/neo4j/integration/conversion/domain/PensionPlan.java,org.springframework.data.neo4j.integration.conversion.domain.PensionPlan,setJavaElement/1[org.springframework.data.neo4j.integration.conversion.domain.JavaElement],javaElement,3
/home/sandro/workspace/sandro/MLCQCodeSmellSamples/scripts/../dataset/spring-data-neo4j_bf5704c5f710656d30e93eae8b89ebedb1b920cc/spring-data-neo4j/src/test/java/org/springframework/data/neo4j/integration/conversion/domain/PensionPlan.java,org.springframework.data.neo4j.integration.conversion.domain.PensionPlan,getProviderName/0,providerName,1
/home/sandro/workspace/sandro/MLCQCodeSmellSamples/scripts/../dataset/spring-data-neo4j_bf5704c5f710656d30e93eae8b89ebedb1b920cc/spring-data-neo4j/src/test/java/org/springframework/data/neo4j/integration/conversion/domain/PensionPlan.java,org.springframework.data.neo4j.integration.conversion.domain.PensionPlan,getPensionPlanId/0,pensionPlanId,1
/home/sandro/workspace/sandro/MLCQCodeSmellSamples/scripts/../dataset/spring-data-neo4j_bf5704c5f710656d30e93eae8b89ebedb1b920cc/spring-data-neo4j/src/test/java/org/springframework/data/neo4j/transactions/TransactionIntegrationTests.java,org.springframework.data.neo4j.transactions.TransactionIntegrationTests,cleanupHandler/0,graphDatabaseService,1
/home/sandro/workspace/sandro/MLCQCodeSmellSamples/scripts/../dataset/spring-data-neo4j_bf5704c5f710656d30e93eae8b89ebedb1b920cc/spring-data-neo4j/src/test/java/org/springframework/data/neo4j/transactions/TransactionIntegrationTests.java,org.springframework.data.neo4j.transactions.TransactionIntegrationTests,whenImplicitTransactionFailsNothingShouldBeCreated/0,userRepository,1
/home/sandro/workspace/sandro/MLCQCodeSmellSamples/scripts/../dataset/spring-data-neo4j_bf5704c5f710656d30e93eae8b89ebedb1b920cc/spring-data-neo4j/src/test/java/org/springframework/data/neo4j/transactions/TransactionIntegrationTests.java,org.springframework.data.neo4j.transactions.TransactionIntegrationTests,populateDatabase/0,graphDatabaseService,1
/home/sandro/workspace/sandro/MLCQCodeSmellSamples/scripts/../dataset/spring-data-neo4j_bf5704c5f710656d30e93eae8b89ebedb1b920cc/spring-data-neo4j/src/test/java/org/springframework/data/neo4j/transactions/TransactionIntegrationTests.java,org.springframework.data.neo4j.transactions.TransactionIntegrationTests,whenExplicitTransactionFailsNothingShouldBeCreated2/0,userService,1
/home/sandro/workspace/sandro/MLCQCodeSmellSamples/scripts/../dataset/spring-data-neo4j_bf5704c5f710656d30e93eae8b89ebedb1b920cc/spring-data-neo4j/src/test/java/org/springframework/data/neo4j/transactions/TransactionIntegrationTests.java,org.springframework.data.neo4j.transactions.TransactionIntegrationTests,whenExplicitTransactionFailsNothingShouldBeCreated/0,userService,1
/home/sandro/workspace/sandro/MLCQCodeSmellSamples/scripts/../dataset/spring-data-neo4j_bf5704c5f710656d30e93eae8b89ebedb1b920cc/spring-data-neo4j/src/main/java/org/springframework/data/neo4j/repository/support/Neo4jRepositoryFactoryBean.java,org.springframework.data.neo4j.repository.support.Neo4jRepositoryFactoryBean,"setMappingContext/1[org.springframework.data.neo4j.repository.support.MappingContext<?,?>]",mappingContext,5
/home/sandro/workspace/sandro/MLCQCodeSmellSamples/scripts/../dataset/spring-data-neo4j_bf5704c5f710656d30e93eae8b89ebedb1b920cc/spring-data-neo4j/src/main/java/org/springframework/data/neo4j/repository/support/Neo4jRepositoryFactoryBean.java,org.springframework.data.neo4j.repository.support.Neo4jRepositoryFactoryBean,createRepositoryFactory/1[org.springframework.data.neo4j.repository.support.Session],session,3
/home/sandro/workspace/sandro/MLCQCodeSmellSamples/scripts/../dataset/spring-data-neo4j_bf5704c5f710656d30e93eae8b89ebedb1b920cc/spring-data-neo4j/src/main/java/org/springframework/data/neo4j/repository/support/Neo4jRepositoryFactoryBean.java,org.springframework.data.neo4j.repository.support.Neo4jRepositoryFactoryBean,createRepositoryFactory/1[org.springframework.data.neo4j.repository.support.Session],mappingContext,1
/home/sandro/workspace/sandro/MLCQCodeSmellSamples/scripts/../dataset/spring-data-neo4j_bf5704c5f710656d30e93eae8b89ebedb1b920cc/spring-data-neo4j/src/main/java/org/springframework/data/neo4j/repository/support/Neo4jRepositoryFactoryBean.java,org.springframework.data.neo4j.repository.support.Neo4jRepositoryFactoryBean,doCreateRepositoryFactory/0,session,1
/home/sandro/workspace/sandro/MLCQCodeSmellSamples/scripts/../dataset/spring-data-neo4j_bf5704c5f710656d30e93eae8b89ebedb1b920cc/spring-data-neo4j/src/main/java/org/springframework/data/neo4j/repository/support/Neo4jRepositoryFactoryBean.java,org.springframework.data.neo4j.repository.support.Neo4jRepositoryFactoryBean,afterPropertiesSet/0,session,1
/home/sandro/workspace/sandro/MLCQCodeSmellSamples/scripts/../dataset/spring-data-neo4j_bf5704c5f710656d30e93eae8b89ebedb1b920cc/spring-data-neo4j/src/main/java/org/springframework/data/neo4j/repository/support/Neo4jRepositoryFactoryBean.java,org.springframework.data.neo4j.repository.support.Neo4jRepositoryFactoryBean,setSession/1[org.springframework.data.neo4j.repository.support.Session],session,3
/home/sandro/workspace/sandro/MLCQCodeSmellSamples/scripts/../dataset/spring-data-neo4j_bf5704c5f710656d30e93eae8b89ebedb1b920cc/spring-data-neo4j/src/test/java/org/springframework/data/neo4j/examples/movies/domain/queryresult/CinemaQueryResult.java,org.springframework.data.neo4j.examples.movies.domain.queryresult.CinemaQueryResult,getId/0,id,1
/home/sandro/workspace/sandro/MLCQCodeSmellSamples/scripts/../dataset/spring-data-neo4j_bf5704c5f710656d30e93eae8b89ebedb1b920cc/spring-data-neo4j/src/test/java/org/springframework/data/neo4j/examples/movies/domain/queryresult/CinemaQueryResult.java,org.springframework.data.neo4j.examples.movies.domain.queryresult.CinemaQueryResult,getName/0,name,1
/home/sandro/workspace/sandro/MLCQCodeSmellSamples/scripts/../dataset/spring-data-neo4j_bf5704c5f710656d30e93eae8b89ebedb1b920cc/spring-data-neo4j/src/test/java/org/springframework/data/neo4j/examples/movies/domain/queryresult/CinemaQueryResult.java,org.springframework.data.neo4j.examples.movies.domain.queryresult.CinemaQueryResult,setName/1[java.lang.String],name,3
/home/sandro/workspace/sandro/MLCQCodeSmellSamples/scripts/../dataset/spring-data-neo4j_bf5704c5f710656d30e93eae8b89ebedb1b920cc/spring-data-neo4j/src/test/java/org/springframework/data/neo4j/examples/movies/domain/queryresult/CinemaQueryResult.java,org.springframework.data.neo4j.examples.movies.domain.queryresult.CinemaQueryResult,setId/1[java.lang.Long],id,3
/home/sandro/workspace/sandro/MLCQCodeSmellSamples/scripts/../dataset/spring-data-neo4j_bf5704c5f710656d30e93eae8b89ebedb1b920cc/spring-data-neo4j/src/main/java/org/springframework/data/neo4j/repository/query/spel/Neo4jQueryPlaceholderSupplier.java,org.springframework.data.neo4j.repository.query.spel.Neo4jQueryPlaceholderSupplier,nextPlaceholder/0,index,1
/home/sandro/workspace/sandro/MLCQCodeSmellSamples/scripts/../dataset/spring-data-neo4j_bf5704c5f710656d30e93eae8b89ebedb1b920cc/spring-data-neo4j/src/main/java/org/springframework/data/neo4j/repository/query/spel/Neo4jQueryPlaceholderSupplier.java,org.springframework.data.neo4j.repository.query.spel.Neo4jQueryPlaceholderSupplier,parameterName/1[int],index,2
/home/sandro/workspace/sandro/MLCQCodeSmellSamples/scripts/../dataset/spring-data-neo4j_bf5704c5f710656d30e93eae8b89ebedb1b920cc/spring-data-neo4j/src/main/java/org/springframework/data/neo4j/repository/query/spel/Neo4jQueryPlaceholderSupplier.java,org.springframework.data.neo4j.repository.query.spel.Neo4jQueryPlaceholderSupplier,parameterName/1[int],PLACEHOLDER,1
/home/sandro/workspace/sandro/MLCQCodeSmellSamples/scripts/../dataset/spring-data-neo4j_bf5704c5f710656d30e93eae8b89ebedb1b920cc/spring-data-neo4j/src/test/java/org/springframework/data/neo4j/integration/conversion/ConversionServiceTests.java,org.springframework.data.neo4j.integration.conversion.ConversionServiceTests,shouldRecognizeJavaEnums/0,session,1
/home/sandro/workspace/sandro/MLCQCodeSmellSamples/scripts/../dataset/spring-data-neo4j_bf5704c5f710656d30e93eae8b89ebedb1b920cc/spring-data-neo4j/src/test/java/org/springframework/data/neo4j/integration/conversion/ConversionServiceTests.java,org.springframework.data.neo4j.integration.conversion.ConversionServiceTests,shouldRecognizeJavaEnums/0,siteMemberRepository,1
/home/sandro/workspace/sandro/MLCQCodeSmellSamples/scripts/../dataset/spring-data-neo4j_bf5704c5f710656d30e93eae8b89ebedb1b920cc/spring-data-neo4j/src/test/java/org/springframework/data/neo4j/integration/conversion/ConversionServiceTests.java,org.springframework.data.neo4j.integration.conversion.ConversionServiceTests,shouldUseDefaultAttributeConverterInsteadOfSprings/0,session,1
/home/sandro/workspace/sandro/MLCQCodeSmellSamples/scripts/../dataset/spring-data-neo4j_bf5704c5f710656d30e93eae8b89ebedb1b920cc/spring-data-neo4j/src/test/java/org/springframework/data/neo4j/integration/conversion/ConversionServiceTests.java,org.springframework.data.neo4j.integration.conversion.ConversionServiceTests,shouldUseDefaultAttributeConverterInsteadOfSprings/0,siteMemberRepository,1
/home/sandro/workspace/sandro/MLCQCodeSmellSamples/scripts/../dataset/spring-data-neo4j_bf5704c5f710656d30e93eae8b89ebedb1b920cc/spring-data-neo4j/src/test/java/org/springframework/data/neo4j/integration/conversion/ConversionServiceTests.java,org.springframework.data.neo4j.integration.conversion.ConversionServiceTests,shouldUseDefaultAttributeConverterInsteadOfSprings/0,conversionService,2
/home/sandro/workspace/sandro/MLCQCodeSmellSamples/scripts/../dataset/spring-data-neo4j_bf5704c5f710656d30e93eae8b89ebedb1b920cc/spring-data-neo4j/src/test/java/org/springframework/data/neo4j/integration/conversion/ConversionServiceTests.java,org.springframework.data.neo4j.integration.conversion.ConversionServiceTests,setUp/0,neo4jTestServer,1
/home/sandro/workspace/sandro/MLCQCodeSmellSamples/scripts/../dataset/spring-data-neo4j_bf5704c5f710656d30e93eae8b89ebedb1b920cc/spring-data-neo4j/src/test/java/org/springframework/data/neo4j/integration/conversion/ConversionServiceTests.java,org.springframework.data.neo4j.integration.conversion.ConversionServiceTests,shouldThrowExceptionIfSuitableConverterIsNotFound/0,pensionRepository,1
/home/sandro/workspace/sandro/MLCQCodeSmellSamples/scripts/../dataset/spring-data-neo4j_bf5704c5f710656d30e93eae8b89ebedb1b920cc/spring-data-neo4j/src/test/java/org/springframework/data/neo4j/integration/conversion/ConversionServiceTests.java,org.springframework.data.neo4j.integration.conversion.ConversionServiceTests,shouldThrowExceptionIfSuitableConverterIsNotFound/0,conversionService,1
/home/sandro/workspace/sandro/MLCQCodeSmellSamples/scripts/../dataset/spring-data-neo4j_bf5704c5f710656d30e93eae8b89ebedb1b920cc/spring-data-neo4j/src/test/java/org/springframework/data/neo4j/integration/conversion/ConversionServiceTests.java,org.springframework.data.neo4j.integration.conversion.ConversionServiceTests,shouldConvertBase64StringOutOfGraphDatabaseBackIntoByteArray/0,siteMemberRepository,1
/home/sandro/workspace/sandro/MLCQCodeSmellSamples/scripts/../dataset/spring-data-neo4j_bf5704c5f710656d30e93eae8b89ebedb1b920cc/spring-data-neo4j/src/test/java/org/springframework/data/neo4j/integration/conversion/ConversionServiceTests.java,org.springframework.data.neo4j.integration.conversion.ConversionServiceTests,shouldConvertBase64StringOutOfGraphDatabaseBackIntoByteArray/0,neo4jTestServer,1
/home/sandro/workspace/sandro/MLCQCodeSmellSamples/scripts/../dataset/spring-data-neo4j_bf5704c5f710656d30e93eae8b89ebedb1b920cc/spring-data-neo4j/src/test/java/org/springframework/data/neo4j/integration/conversion/ConversionServiceTests.java,org.springframework.data.neo4j.integration.conversion.ConversionServiceTests,shouldUseSpecifiedAttributeConverterInsteadOfSprings/0,session,1
/home/sandro/workspace/sandro/MLCQCodeSmellSamples/scripts/../dataset/spring-data-neo4j_bf5704c5f710656d30e93eae8b89ebedb1b920cc/spring-data-neo4j/src/test/java/org/springframework/data/neo4j/integration/conversion/ConversionServiceTests.java,org.springframework.data.neo4j.integration.conversion.ConversionServiceTests,shouldUseSpecifiedAttributeConverterInsteadOfSprings/0,siteMemberRepository,1
/home/sandro/workspace/sandro/MLCQCodeSmellSamples/scripts/../dataset/spring-data-neo4j_bf5704c5f710656d30e93eae8b89ebedb1b920cc/spring-data-neo4j/src/test/java/org/springframework/data/neo4j/integration/conversion/ConversionServiceTests.java,org.springframework.data.neo4j.integration.conversion.ConversionServiceTests,shouldUseSpecifiedAttributeConverterInsteadOfSprings/0,conversionService,6
/home/sandro/workspace/sandro/MLCQCodeSmellSamples/scripts/../dataset/spring-data-neo4j_bf5704c5f710656d30e93eae8b89ebedb1b920cc/spring-data-neo4j/src/test/java/org/springframework/data/neo4j/integration/conversion/ConversionServiceTests.java,org.springframework.data.neo4j.integration.conversion.ConversionServiceTests,shouldConvertFieldsUsingAnAvailableSupertypeConverterIfExactTypesDoNotMatch/0,pensionRepository,1
/home/sandro/workspace/sandro/MLCQCodeSmellSamples/scripts/../dataset/spring-data-neo4j_bf5704c5f710656d30e93eae8b89ebedb1b920cc/spring-data-neo4j/src/test/java/org/springframework/data/neo4j/integration/conversion/ConversionServiceTests.java,org.springframework.data.neo4j.integration.conversion.ConversionServiceTests,shouldConvertFieldsUsingAnAvailableSupertypeConverterIfExactTypesDoNotMatch/0,conversionService,1
/home/sandro/workspace/sandro/MLCQCodeSmellSamples/scripts/../dataset/spring-data-neo4j_bf5704c5f710656d30e93eae8b89ebedb1b920cc/spring-data-neo4j/src/test/java/org/springframework/data/neo4j/integration/conversion/ConversionServiceTests.java,org.springframework.data.neo4j.integration.conversion.ConversionServiceTests,shouldConvertFieldsUsingAnAvailableSupertypeConverterIfExactTypesDoNotMatch/0,neo4jTestServer,1
/home/sandro/workspace/sandro/MLCQCodeSmellSamples/scripts/../dataset/spring-data-neo4j_bf5704c5f710656d30e93eae8b89ebedb1b920cc/spring-data-neo4j/src/test/java/org/springframework/data/neo4j/integration/conversion/ConversionServiceTests.java,org.springframework.data.neo4j.integration.conversion.ConversionServiceTests,shouldBeAbleToConvertBetweenBytesAndBase64EncodedDataViaSpringConversionService/0,conversionService,4
/home/sandro/workspace/sandro/MLCQCodeSmellSamples/scripts/../dataset/spring-data-neo4j_bf5704c5f710656d30e93eae8b89ebedb1b920cc/spring-data-neo4j/src/test/java/org/springframework/data/neo4j/integration/conversion/ConversionServiceTests.java,org.springframework.data.neo4j.integration.conversion.ConversionServiceTests,shouldOperateWithDefaultSpringConvertersToConvertObjectTypesNotInMetaData/0,conversionService,1
/home/sandro/workspace/sandro/MLCQCodeSmellSamples/scripts/../dataset/spring-data-neo4j_bf5704c5f710656d30e93eae8b89ebedb1b920cc/spring-data-neo4j/src/test/java/org/springframework/data/neo4j/integration/conversion/ConversionServiceTests.java,org.springframework.data.neo4j.integration.conversion.ConversionServiceTests,shouldOperateWithDefaultSpringConvertersToConvertObjectTypesNotInMetaData/0,neo4jTestServer,1
/home/sandro/workspace/sandro/MLCQCodeSmellSamples/scripts/../dataset/spring-data-neo4j_bf5704c5f710656d30e93eae8b89ebedb1b920cc/spring-data-neo4j/src/test/java/org/springframework/data/neo4j/integration/conversion/ConversionServiceTests.java,org.springframework.data.neo4j.integration.conversion.ConversionServiceTests,shouldOperateWithDefaultSpringConvertersToConvertObjectTypesNotInMetaData/0,javaElementRepository,2
/home/sandro/workspace/sandro/MLCQCodeSmellSamples/scripts/../dataset/spring-data-neo4j_bf5704c5f710656d30e93eae8b89ebedb1b920cc/spring-data-neo4j/src/test/java/org/springframework/data/neo4j/integration/conversion/ConversionServiceTests.java,org.springframework.data.neo4j.integration.conversion.ConversionServiceTests,shouldConvertFieldsUsingSpringConvertersAddedDirectlyToConversionService/0,pensionRepository,2
/home/sandro/workspace/sandro/MLCQCodeSmellSamples/scripts/../dataset/spring-data-neo4j_bf5704c5f710656d30e93eae8b89ebedb1b920cc/spring-data-neo4j/src/test/java/org/springframework/data/neo4j/integration/conversion/ConversionServiceTests.java,org.springframework.data.neo4j.integration.conversion.ConversionServiceTests,shouldConvertFieldsUsingSpringConvertersAddedDirectlyToConversionService/0,transactionTemplate,1
/home/sandro/workspace/sandro/MLCQCodeSmellSamples/scripts/../dataset/spring-data-neo4j_bf5704c5f710656d30e93eae8b89ebedb1b920cc/spring-data-neo4j/src/test/java/org/springframework/data/neo4j/integration/conversion/ConversionServiceTests.java,org.springframework.data.neo4j.integration.conversion.ConversionServiceTests,shouldConvertFieldsUsingSpringConvertersAddedDirectlyToConversionService/0,conversionService,4
/home/sandro/workspace/sandro/MLCQCodeSmellSamples/scripts/../dataset/spring-data-neo4j_bf5704c5f710656d30e93eae8b89ebedb1b920cc/spring-data-neo4j/src/test/java/org/springframework/data/neo4j/integration/conversion/ConversionServiceTests.java,org.springframework.data.neo4j.integration.conversion.ConversionServiceTests,shouldConvertFieldsUsingSpringConvertersAddedDirectlyToConversionService/0,neo4jTestServer,1
/home/sandro/workspace/sandro/MLCQCodeSmellSamples/scripts/../dataset/spring-data-neo4j_bf5704c5f710656d30e93eae8b89ebedb1b920cc/spring-data-neo4j/src/test/java/org/springframework/data/neo4j/integration/constructors/domain/Person.java,org.springframework.data.neo4j.integration.constructors.domain.Person,getName/0,name,1
/home/sandro/workspace/sandro/MLCQCodeSmellSamples/scripts/../dataset/spring-data-neo4j_bf5704c5f710656d30e93eae8b89ebedb1b920cc/spring-data-neo4j/src/test/java/org/springframework/data/neo4j/integration/constructors/domain/Person.java,org.springframework.data.neo4j.integration.constructors.domain.Person,hashCode/0,name,1
/home/sandro/workspace/sandro/MLCQCodeSmellSamples/scripts/../dataset/spring-data-neo4j_bf5704c5f710656d30e93eae8b89ebedb1b920cc/spring-data-neo4j/src/test/java/org/springframework/data/neo4j/integration/constructors/domain/Person.java,org.springframework.data.neo4j.integration.constructors.domain.Person,getFriendships/0,friendships,1
/home/sandro/workspace/sandro/MLCQCodeSmellSamples/scripts/../dataset/spring-data-neo4j_bf5704c5f710656d30e93eae8b89ebedb1b920cc/spring-data-neo4j/src/test/java/org/springframework/data/neo4j/integration/constructors/domain/Person.java,org.springframework.data.neo4j.integration.constructors.domain.Person,equals/1[java.lang.Object],name,1
/home/sandro/workspace/sandro/MLCQCodeSmellSamples/scripts/../dataset/spring-data-neo4j_bf5704c5f710656d30e93eae8b89ebedb1b920cc/spring-data-neo4j/src/test/java/org/springframework/data/neo4j/integration/constructors/domain/Person.java,org.springframework.data.neo4j.integration.constructors.domain.Person,addFriend/1[org.springframework.data.neo4j.integration.constructors.domain.Person],friendships,1
/home/sandro/workspace/sandro/MLCQCodeSmellSamples/scripts/../dataset/spring-data-neo4j_bf5704c5f710656d30e93eae8b89ebedb1b920cc/spring-data-neo4j/src/test/java/org/springframework/data/neo4j/integration/constructors/domain/Person.java,org.springframework.data.neo4j.integration.constructors.domain.Person,Person/1[java.lang.String],name,4
/home/sandro/workspace/sandro/MLCQCodeSmellSamples/scripts/../dataset/spring-data-neo4j_bf5704c5f710656d30e93eae8b89ebedb1b920cc/spring-data-neo4j/src/test/java/org/springframework/data/neo4j/domain/sample/NodeWithUUIDAsId.java,org.springframework.data.neo4j.domain.sample.NodeWithUUIDAsId,getSomeProperty/0,someProperty,1
/home/sandro/workspace/sandro/MLCQCodeSmellSamples/scripts/../dataset/spring-data-neo4j_bf5704c5f710656d30e93eae8b89ebedb1b920cc/spring-data-neo4j/src/test/java/org/springframework/data/neo4j/domain/sample/NodeWithUUIDAsId.java,org.springframework.data.neo4j.domain.sample.NodeWithUUIDAsId,NodeWithUUIDAsId/1[java.lang.String],someProperty,3
/home/sandro/workspace/sandro/MLCQCodeSmellSamples/scripts/../dataset/spring-data-neo4j_bf5704c5f710656d30e93eae8b89ebedb1b920cc/spring-data-neo4j/src/test/java/org/springframework/data/neo4j/domain/sample/NodeWithUUIDAsId.java,org.springframework.data.neo4j.domain.sample.NodeWithUUIDAsId,getMyNiceId/0,myNiceId,1
/home/sandro/workspace/sandro/MLCQCodeSmellSamples/scripts/../dataset/spring-data-neo4j_bf5704c5f710656d30e93eae8b89ebedb1b920cc/spring-data-neo4j/src/test/java/org/springframework/data/neo4j/domain/sample/NodeWithUUIDAsId.java,org.springframework.data.neo4j.domain.sample.NodeWithUUIDAsId,getId/0,id,1
/home/sandro/workspace/sandro/MLCQCodeSmellSamples/scripts/../dataset/spring-data-neo4j_bf5704c5f710656d30e93eae8b89ebedb1b920cc/spring-data-neo4j/src/test/java/org/springframework/data/neo4j/nativetypes/TimeDomain.java,org.springframework.data.neo4j.nativetypes.TimeDomain,setLocalDateTime/1[java.time.LocalDateTime],localDateTime,3
/home/sandro/workspace/sandro/MLCQCodeSmellSamples/scripts/../dataset/spring-data-neo4j_bf5704c5f710656d30e93eae8b89ebedb1b920cc/spring-data-neo4j/src/test/java/org/springframework/data/neo4j/nativetypes/TimeDomain.java,org.springframework.data.neo4j.nativetypes.TimeDomain,getDate/0,date,1
/home/sandro/workspace/sandro/MLCQCodeSmellSamples/scripts/../dataset/spring-data-neo4j_bf5704c5f710656d30e93eae8b89ebedb1b920cc/spring-data-neo4j/src/test/java/org/springframework/data/neo4j/nativetypes/TimeDomain.java,org.springframework.data.neo4j.nativetypes.TimeDomain,getPeriod/0,period,1
/home/sandro/workspace/sandro/MLCQCodeSmellSamples/scripts/../dataset/spring-data-neo4j_bf5704c5f710656d30e93eae8b89ebedb1b920cc/spring-data-neo4j/src/test/java/org/springframework/data/neo4j/nativetypes/TimeDomain.java,org.springframework.data.neo4j.nativetypes.TimeDomain,getDuration/0,duration,1
/home/sandro/workspace/sandro/MLCQCodeSmellSamples/scripts/../dataset/spring-data-neo4j_bf5704c5f710656d30e93eae8b89ebedb1b920cc/spring-data-neo4j/src/test/java/org/springframework/data/neo4j/nativetypes/TimeDomain.java,org.springframework.data.neo4j.nativetypes.TimeDomain,setListOfDurations/1[java.util.List<java.time.Duration>],listOfDurations,3
/home/sandro/workspace/sandro/MLCQCodeSmellSamples/scripts/../dataset/spring-data-neo4j_bf5704c5f710656d30e93eae8b89ebedb1b920cc/spring-data-neo4j/src/test/java/org/springframework/data/neo4j/nativetypes/TimeDomain.java,org.springframework.data.neo4j.nativetypes.TimeDomain,getLocalDate/0,localDate,1
/home/sandro/workspace/sandro/MLCQCodeSmellSamples/scripts/../dataset/spring-data-neo4j_bf5704c5f710656d30e93eae8b89ebedb1b920cc/spring-data-neo4j/src/test/java/org/springframework/data/neo4j/nativetypes/TimeDomain.java,org.springframework.data.neo4j.nativetypes.TimeDomain,getArrayOfDurations/0,arrayOfDurations,1
/home/sandro/workspace/sandro/MLCQCodeSmellSamples/scripts/../dataset/spring-data-neo4j_bf5704c5f710656d30e93eae8b89ebedb1b920cc/spring-data-neo4j/src/test/java/org/springframework/data/neo4j/nativetypes/TimeDomain.java,org.springframework.data.neo4j.nativetypes.TimeDomain,setArrayOfDurations/1[java.time.Duration[]],arrayOfDurations,3
/home/sandro/workspace/sandro/MLCQCodeSmellSamples/scripts/../dataset/spring-data-neo4j_bf5704c5f710656d30e93eae8b89ebedb1b920cc/spring-data-neo4j/src/test/java/org/springframework/data/neo4j/nativetypes/TimeDomain.java,org.springframework.data.neo4j.nativetypes.TimeDomain,getLocalDateTime/0,localDateTime,1
/home/sandro/workspace/sandro/MLCQCodeSmellSamples/scripts/../dataset/spring-data-neo4j_bf5704c5f710656d30e93eae8b89ebedb1b920cc/spring-data-neo4j/src/test/java/org/springframework/data/neo4j/nativetypes/TimeDomain.java,org.springframework.data.neo4j.nativetypes.TimeDomain,setDuration/1[java.time.Duration],duration,3
/home/sandro/workspace/sandro/MLCQCodeSmellSamples/scripts/../dataset/spring-data-neo4j_bf5704c5f710656d30e93eae8b89ebedb1b920cc/spring-data-neo4j/src/test/java/org/springframework/data/neo4j/nativetypes/TimeDomain.java,org.springframework.data.neo4j.nativetypes.TimeDomain,setLocalDate/1[java.time.LocalDate],localDate,3
/home/sandro/workspace/sandro/MLCQCodeSmellSamples/scripts/../dataset/spring-data-neo4j_bf5704c5f710656d30e93eae8b89ebedb1b920cc/spring-data-neo4j/src/test/java/org/springframework/data/neo4j/nativetypes/TimeDomain.java,org.springframework.data.neo4j.nativetypes.TimeDomain,setTemporalAmount/1[java.time.temporal.TemporalAmount],temporalAmount,3
/home/sandro/workspace/sandro/MLCQCodeSmellSamples/scripts/../dataset/spring-data-neo4j_bf5704c5f710656d30e93eae8b89ebedb1b920cc/spring-data-neo4j/src/test/java/org/springframework/data/neo4j/nativetypes/TimeDomain.java,org.springframework.data.neo4j.nativetypes.TimeDomain,getListOfDurations/0,listOfDurations,1
/home/sandro/workspace/sandro/MLCQCodeSmellSamples/scripts/../dataset/spring-data-neo4j_bf5704c5f710656d30e93eae8b89ebedb1b920cc/spring-data-neo4j/src/test/java/org/springframework/data/neo4j/nativetypes/TimeDomain.java,org.springframework.data.neo4j.nativetypes.TimeDomain,setDate/1[java.util.Date],date,3
/home/sandro/workspace/sandro/MLCQCodeSmellSamples/scripts/../dataset/spring-data-neo4j_bf5704c5f710656d30e93eae8b89ebedb1b920cc/spring-data-neo4j/src/test/java/org/springframework/data/neo4j/nativetypes/TimeDomain.java,org.springframework.data.neo4j.nativetypes.TimeDomain,getTemporalAmount/0,temporalAmount,1
/home/sandro/workspace/sandro/MLCQCodeSmellSamples/scripts/../dataset/spring-data-neo4j_bf5704c5f710656d30e93eae8b89ebedb1b920cc/spring-data-neo4j/src/test/java/org/springframework/data/neo4j/nativetypes/TimeDomain.java,org.springframework.data.neo4j.nativetypes.TimeDomain,setPeriod/1[java.time.Period],period,3
/home/sandro/workspace/sandro/MLCQCodeSmellSamples/scripts/../dataset/spring-data-neo4j_bf5704c5f710656d30e93eae8b89ebedb1b920cc/spring-data-neo4j/src/main/java/org/springframework/data/neo4j/web/support/AsyncRequestInterceptor.java,org.springframework.data.neo4j.web.support.AsyncRequestInterceptor,"handleTimeout/2[org.springframework.data.neo4j.web.support.NativeWebRequest,org.springframework.data.neo4j.web.support.DeferredResult<T>]",timeoutInProgress,1
/home/sandro/workspace/sandro/MLCQCodeSmellSamples/scripts/../dataset/spring-data-neo4j_bf5704c5f710656d30e93eae8b89ebedb1b920cc/spring-data-neo4j/src/main/java/org/springframework/data/neo4j/web/support/AsyncRequestInterceptor.java,org.springframework.data.neo4j.web.support.AsyncRequestInterceptor,closeAfterTimeout/0,timeoutInProgress,1
/home/sandro/workspace/sandro/MLCQCodeSmellSamples/scripts/../dataset/spring-data-neo4j_bf5704c5f710656d30e93eae8b89ebedb1b920cc/spring-data-neo4j/src/main/java/org/springframework/data/neo4j/web/support/AsyncRequestInterceptor.java,org.springframework.data.neo4j.web.support.AsyncRequestInterceptor,closeAfterTimeout/0,logger,1
/home/sandro/workspace/sandro/MLCQCodeSmellSamples/scripts/../dataset/spring-data-neo4j_bf5704c5f710656d30e93eae8b89ebedb1b920cc/spring-data-neo4j/src/main/java/org/springframework/data/neo4j/web/support/AsyncRequestInterceptor.java,org.springframework.data.neo4j.web.support.AsyncRequestInterceptor,"AsyncRequestInterceptor/2[org.springframework.data.neo4j.web.support.SessionFactory,org.springframework.data.neo4j.transaction.SessionHolder]",sessionFactory,3
/home/sandro/workspace/sandro/MLCQCodeSmellSamples/scripts/../dataset/spring-data-neo4j_bf5704c5f710656d30e93eae8b89ebedb1b920cc/spring-data-neo4j/src/main/java/org/springframework/data/neo4j/web/support/AsyncRequestInterceptor.java,org.springframework.data.neo4j.web.support.AsyncRequestInterceptor,"AsyncRequestInterceptor/2[org.springframework.data.neo4j.web.support.SessionFactory,org.springframework.data.neo4j.transaction.SessionHolder]",sessionHolder,3
/home/sandro/workspace/sandro/MLCQCodeSmellSamples/scripts/../dataset/spring-data-neo4j_bf5704c5f710656d30e93eae8b89ebedb1b920cc/spring-data-neo4j/src/main/java/org/springframework/data/neo4j/web/support/AsyncRequestInterceptor.java,org.springframework.data.neo4j.web.support.AsyncRequestInterceptor,"postProcess/3[org.springframework.data.neo4j.web.support.NativeWebRequest,java.util.concurrent.Callable<T>,java.lang.Object]",sessionFactory,1
/home/sandro/workspace/sandro/MLCQCodeSmellSamples/scripts/../dataset/spring-data-neo4j_bf5704c5f710656d30e93eae8b89ebedb1b920cc/spring-data-neo4j/src/main/java/org/springframework/data/neo4j/web/support/AsyncRequestInterceptor.java,org.springframework.data.neo4j.web.support.AsyncRequestInterceptor,bindSession/0,timeoutInProgress,1
/home/sandro/workspace/sandro/MLCQCodeSmellSamples/scripts/../dataset/spring-data-neo4j_bf5704c5f710656d30e93eae8b89ebedb1b920cc/spring-data-neo4j/src/main/java/org/springframework/data/neo4j/web/support/AsyncRequestInterceptor.java,org.springframework.data.neo4j.web.support.AsyncRequestInterceptor,bindSession/0,sessionFactory,1
/home/sandro/workspace/sandro/MLCQCodeSmellSamples/scripts/../dataset/spring-data-neo4j_bf5704c5f710656d30e93eae8b89ebedb1b920cc/spring-data-neo4j/src/main/java/org/springframework/data/neo4j/web/support/AsyncRequestInterceptor.java,org.springframework.data.neo4j.web.support.AsyncRequestInterceptor,bindSession/0,sessionHolder,1
/home/sandro/workspace/sandro/MLCQCodeSmellSamples/scripts/../dataset/spring-data-neo4j_bf5704c5f710656d30e93eae8b89ebedb1b920cc/spring-data-neo4j/src/main/java/org/springframework/data/neo4j/web/support/AsyncRequestInterceptor.java,org.springframework.data.neo4j.web.support.AsyncRequestInterceptor,"handleTimeout/2[org.springframework.data.neo4j.web.support.NativeWebRequest,java.util.concurrent.Callable<T>]",timeoutInProgress,1
/home/sandro/workspace/sandro/MLCQCodeSmellSamples/scripts/../dataset/spring-data-neo4j_bf5704c5f710656d30e93eae8b89ebedb1b920cc/spring-data-neo4j/src/test/java/org/springframework/data/neo4j/examples/jsr303/JSR303Tests.java,org.springframework.data.neo4j.examples.jsr303.JSR303Tests,testCanCreateAnAdult/0,objectMapper,1
/home/sandro/workspace/sandro/MLCQCodeSmellSamples/scripts/../dataset/spring-data-neo4j_bf5704c5f710656d30e93eae8b89ebedb1b920cc/spring-data-neo4j/src/test/java/org/springframework/data/neo4j/examples/jsr303/JSR303Tests.java,org.springframework.data.neo4j.examples.jsr303.JSR303Tests,testCanCreateAnAdult/0,mockMvc,1
/home/sandro/workspace/sandro/MLCQCodeSmellSamples/scripts/../dataset/spring-data-neo4j_bf5704c5f710656d30e93eae8b89ebedb1b920cc/spring-data-neo4j/src/test/java/org/springframework/data/neo4j/examples/jsr303/JSR303Tests.java,org.springframework.data.neo4j.examples.jsr303.JSR303Tests,testCantCreateAnAdultWitAShortName/0,objectMapper,1
/home/sandro/workspace/sandro/MLCQCodeSmellSamples/scripts/../dataset/spring-data-neo4j_bf5704c5f710656d30e93eae8b89ebedb1b920cc/spring-data-neo4j/src/test/java/org/springframework/data/neo4j/examples/jsr303/JSR303Tests.java,org.springframework.data.neo4j.examples.jsr303.JSR303Tests,testCantCreateAnAdultWitAShortName/0,mockMvc,1
/home/sandro/workspace/sandro/MLCQCodeSmellSamples/scripts/../dataset/spring-data-neo4j_bf5704c5f710656d30e93eae8b89ebedb1b920cc/spring-data-neo4j/src/test/java/org/springframework/data/neo4j/examples/jsr303/JSR303Tests.java,org.springframework.data.neo4j.examples.jsr303.JSR303Tests,testCantCreateAnAdultUnderEighteen/0,objectMapper,1
/home/sandro/workspace/sandro/MLCQCodeSmellSamples/scripts/../dataset/spring-data-neo4j_bf5704c5f710656d30e93eae8b89ebedb1b920cc/spring-data-neo4j/src/test/java/org/springframework/data/neo4j/examples/jsr303/JSR303Tests.java,org.springframework.data.neo4j.examples.jsr303.JSR303Tests,testCantCreateAnAdultUnderEighteen/0,mockMvc,1
/home/sandro/workspace/sandro/MLCQCodeSmellSamples/scripts/../dataset/spring-data-neo4j_bf5704c5f710656d30e93eae8b89ebedb1b920cc/spring-data-neo4j/src/test/java/org/springframework/data/neo4j/examples/jsr303/JSR303Tests.java,org.springframework.data.neo4j.examples.jsr303.JSR303Tests,setUp/0,mockMvc,1
/home/sandro/workspace/sandro/MLCQCodeSmellSamples/scripts/../dataset/spring-data-neo4j_bf5704c5f710656d30e93eae8b89ebedb1b920cc/spring-data-neo4j/src/test/java/org/springframework/data/neo4j/examples/jsr303/JSR303Tests.java,org.springframework.data.neo4j.examples.jsr303.JSR303Tests,setUp/0,wac,1
/home/sandro/workspace/sandro/MLCQCodeSmellSamples/scripts/../dataset/spring-data-neo4j_bf5704c5f710656d30e93eae8b89ebedb1b920cc/spring-data-neo4j/src/test/java/org/springframework/data/neo4j/examples/jsr303/JSR303Tests.java,org.springframework.data.neo4j.examples.jsr303.JSR303Tests,testCantCreateAnAdultWithNoName/0,objectMapper,1
/home/sandro/workspace/sandro/MLCQCodeSmellSamples/scripts/../dataset/spring-data-neo4j_bf5704c5f710656d30e93eae8b89ebedb1b920cc/spring-data-neo4j/src/test/java/org/springframework/data/neo4j/examples/jsr303/JSR303Tests.java,org.springframework.data.neo4j.examples.jsr303.JSR303Tests,testCantCreateAnAdultWithNoName/0,mockMvc,1
/home/sandro/workspace/sandro/MLCQCodeSmellSamples/scripts/../dataset/spring-data-neo4j_bf5704c5f710656d30e93eae8b89ebedb1b920cc/spring-data-neo4j/src/test/java/org/springframework/data/neo4j/examples/restaurants/RestaurantTests.java,org.springframework.data.neo4j.examples.restaurants.RestaurantTests,shouldFindByNameLike/0,restaurantRepository,3
/home/sandro/workspace/sandro/MLCQCodeSmellSamples/scripts/../dataset/spring-data-neo4j_bf5704c5f710656d30e93eae8b89ebedb1b920cc/spring-data-neo4j/src/test/java/org/springframework/data/neo4j/examples/restaurants/RestaurantTests.java,org.springframework.data.neo4j.examples.restaurants.RestaurantTests,shouldCheckNonExistenceForDerivedQueryMethod/0,restaurantRepository,2
/home/sandro/workspace/sandro/MLCQCodeSmellSamples/scripts/../dataset/spring-data-neo4j_bf5704c5f710656d30e93eae8b89ebedb1b920cc/spring-data-neo4j/src/test/java/org/springframework/data/neo4j/examples/restaurants/RestaurantTests.java,org.springframework.data.neo4j.examples.restaurants.RestaurantTests,tearDown/0,restaurantRepository,1
/home/sandro/workspace/sandro/MLCQCodeSmellSamples/scripts/../dataset/spring-data-neo4j_bf5704c5f710656d30e93eae8b89ebedb1b920cc/spring-data-neo4j/src/test/java/org/springframework/data/neo4j/examples/restaurants/RestaurantTests.java,org.springframework.data.neo4j.examples.restaurants.RestaurantTests,shouldFindRestaurantsWithScoreBetweenInclusive/0,restaurantRepository,4
/home/sandro/workspace/sandro/MLCQCodeSmellSamples/scripts/../dataset/spring-data-neo4j_bf5704c5f710656d30e93eae8b89ebedb1b920cc/spring-data-neo4j/src/test/java/org/springframework/data/neo4j/examples/restaurants/RestaurantTests.java,org.springframework.data.neo4j.examples.restaurants.RestaurantTests,shouldCheckExistenceForQueryMethod/0,restaurantRepository,2
/home/sandro/workspace/sandro/MLCQCodeSmellSamples/scripts/../dataset/spring-data-neo4j_bf5704c5f710656d30e93eae8b89ebedb1b920cc/spring-data-neo4j/src/test/java/org/springframework/data/neo4j/examples/restaurants/RestaurantTests.java,org.springframework.data.neo4j.examples.restaurants.RestaurantTests,shouldFindBNestedProperty_same_entity_type_IsNull/0,restaurantRepository,2
/home/sandro/workspace/sandro/MLCQCodeSmellSamples/scripts/../dataset/spring-data-neo4j_bf5704c5f710656d30e93eae8b89ebedb1b920cc/spring-data-neo4j/src/test/java/org/springframework/data/neo4j/examples/restaurants/RestaurantTests.java,org.springframework.data.neo4j.examples.restaurants.RestaurantTests,shouldFindByNameContaining/0,restaurantRepository,4
/home/sandro/workspace/sandro/MLCQCodeSmellSamples/scripts/../dataset/spring-data-neo4j_bf5704c5f710656d30e93eae8b89ebedb1b920cc/spring-data-neo4j/src/test/java/org/springframework/data/neo4j/examples/restaurants/RestaurantTests.java,org.springframework.data.neo4j.examples.restaurants.RestaurantTests,shouldCheckNonExistenceForQueryMethod/0,restaurantRepository,2
/home/sandro/workspace/sandro/MLCQCodeSmellSamples/scripts/../dataset/spring-data-neo4j_bf5704c5f710656d30e93eae8b89ebedb1b920cc/spring-data-neo4j/src/test/java/org/springframework/data/neo4j/examples/restaurants/RestaurantTests.java,org.springframework.data.neo4j.examples.restaurants.RestaurantTests,shouldFindByLaunchDateAfter/0,restaurantRepository,4
/home/sandro/workspace/sandro/MLCQCodeSmellSamples/scripts/../dataset/spring-data-neo4j_bf5704c5f710656d30e93eae8b89ebedb1b920cc/spring-data-neo4j/src/test/java/org/springframework/data/neo4j/examples/restaurants/RestaurantTests.java,org.springframework.data.neo4j.examples.restaurants.RestaurantTests,shouldFindByPropertyIsTrue/0,restaurantRepository,3
/home/sandro/workspace/sandro/MLCQCodeSmellSamples/scripts/../dataset/spring-data-neo4j_bf5704c5f710656d30e93eae8b89ebedb1b920cc/spring-data-neo4j/src/test/java/org/springframework/data/neo4j/examples/restaurants/RestaurantTests.java,org.springframework.data.neo4j.examples.restaurants.RestaurantTests,shouldFindByLaunchDateBefore/0,restaurantRepository,4
/home/sandro/workspace/sandro/MLCQCodeSmellSamples/scripts/../dataset/spring-data-neo4j_bf5704c5f710656d30e93eae8b89ebedb1b920cc/spring-data-neo4j/src/test/java/org/springframework/data/neo4j/examples/restaurants/RestaurantTests.java,org.springframework.data.neo4j.examples.restaurants.RestaurantTests,shouldCheckExistenceForDerivedQueryMethod/0,restaurantRepository,2
/home/sandro/workspace/sandro/MLCQCodeSmellSamples/scripts/../dataset/spring-data-neo4j_bf5704c5f710656d30e93eae8b89ebedb1b920cc/spring-data-neo4j/src/test/java/org/springframework/data/neo4j/examples/restaurants/RestaurantTests.java,org.springframework.data.neo4j.examples.restaurants.RestaurantTests,shouldFindRestaurantsWithScoreBetweenRangeInclusiveLowerBounds/0,restaurantRepository,4
/home/sandro/workspace/sandro/MLCQCodeSmellSamples/scripts/../dataset/spring-data-neo4j_bf5704c5f710656d30e93eae8b89ebedb1b920cc/spring-data-neo4j/src/test/java/org/springframework/data/neo4j/examples/restaurants/RestaurantTests.java,org.springframework.data.neo4j.examples.restaurants.RestaurantTests,shouldFindByNameContainingOrDescriptionIsNull/0,restaurantRepository,4
/home/sandro/workspace/sandro/MLCQCodeSmellSamples/scripts/../dataset/spring-data-neo4j_bf5704c5f710656d30e93eae8b89ebedb1b920cc/spring-data-neo4j/src/test/java/org/springframework/data/neo4j/examples/restaurants/RestaurantTests.java,org.springframework.data.neo4j.examples.restaurants.RestaurantTests,shouldFindRestaurantsWithScoreBetween/0,restaurantRepository,5
/home/sandro/workspace/sandro/MLCQCodeSmellSamples/scripts/../dataset/spring-data-neo4j_bf5704c5f710656d30e93eae8b89ebedb1b920cc/spring-data-neo4j/src/test/java/org/springframework/data/neo4j/examples/restaurants/RestaurantTests.java,org.springframework.data.neo4j.examples.restaurants.RestaurantTests,shouldFindByScoreGreaterThan/0,restaurantRepository,5
/home/sandro/workspace/sandro/MLCQCodeSmellSamples/scripts/../dataset/spring-data-neo4j_bf5704c5f710656d30e93eae8b89ebedb1b920cc/spring-data-neo4j/src/test/java/org/springframework/data/neo4j/examples/restaurants/RestaurantTests.java,org.springframework.data.neo4j.examples.restaurants.RestaurantTests,shouldFindByPropertyIsNull/0,restaurantRepository,3
/home/sandro/workspace/sandro/MLCQCodeSmellSamples/scripts/../dataset/spring-data-neo4j_bf5704c5f710656d30e93eae8b89ebedb1b920cc/spring-data-neo4j/src/test/java/org/springframework/data/neo4j/examples/restaurants/RestaurantTests.java,org.springframework.data.neo4j.examples.restaurants.RestaurantTests,shouldFindBNestedProperty_different_entity_type_IsNull/0,restaurantRepository,2
/home/sandro/workspace/sandro/MLCQCodeSmellSamples/scripts/../dataset/spring-data-neo4j_bf5704c5f710656d30e93eae8b89ebedb1b920cc/spring-data-neo4j/src/test/java/org/springframework/data/neo4j/examples/restaurants/RestaurantTests.java,org.springframework.data.neo4j.examples.restaurants.RestaurantTests,shouldFindRestaurantsNear_locationFirst/0,restaurantRepository,2
/home/sandro/workspace/sandro/MLCQCodeSmellSamples/scripts/../dataset/spring-data-neo4j_bf5704c5f710656d30e93eae8b89ebedb1b920cc/spring-data-neo4j/src/test/java/org/springframework/data/neo4j/examples/restaurants/RestaurantTests.java,org.springframework.data.neo4j.examples.restaurants.RestaurantTests,shouldFindRestaurantsWithScoreBetweenRangeInclusiveUpperBounds/0,restaurantRepository,4
/home/sandro/workspace/sandro/MLCQCodeSmellSamples/scripts/../dataset/spring-data-neo4j_bf5704c5f710656d30e93eae8b89ebedb1b920cc/spring-data-neo4j/src/test/java/org/springframework/data/neo4j/examples/restaurants/RestaurantTests.java,org.springframework.data.neo4j.examples.restaurants.RestaurantTests,shouldFindByNameIn/0,restaurantRepository,4
/home/sandro/workspace/sandro/MLCQCodeSmellSamples/scripts/../dataset/spring-data-neo4j_bf5704c5f710656d30e93eae8b89ebedb1b920cc/spring-data-neo4j/src/test/java/org/springframework/data/neo4j/examples/restaurants/RestaurantTests.java,org.springframework.data.neo4j.examples.restaurants.RestaurantTests,shouldFindByNameStartingWith/0,restaurantRepository,3
/home/sandro/workspace/sandro/MLCQCodeSmellSamples/scripts/../dataset/spring-data-neo4j_bf5704c5f710656d30e93eae8b89ebedb1b920cc/spring-data-neo4j/src/test/java/org/springframework/data/neo4j/examples/restaurants/RestaurantTests.java,org.springframework.data.neo4j.examples.restaurants.RestaurantTests,shouldFindByNameMatchesRegEx/0,restaurantRepository,3
/home/sandro/workspace/sandro/MLCQCodeSmellSamples/scripts/../dataset/spring-data-neo4j_bf5704c5f710656d30e93eae8b89ebedb1b920cc/spring-data-neo4j/src/test/java/org/springframework/data/neo4j/examples/restaurants/RestaurantTests.java,org.springframework.data.neo4j.examples.restaurants.RestaurantTests,shouldFindRestaurantsWithScoreBetweenRangeInclusiveBothBounds/0,restaurantRepository,4
/home/sandro/workspace/sandro/MLCQCodeSmellSamples/scripts/../dataset/spring-data-neo4j_bf5704c5f710656d30e93eae8b89ebedb1b920cc/spring-data-neo4j/src/test/java/org/springframework/data/neo4j/examples/restaurants/RestaurantTests.java,org.springframework.data.neo4j.examples.restaurants.RestaurantTests,shouldCheckExistenceForExistsQueryMethod/0,restaurantRepository,2
/home/sandro/workspace/sandro/MLCQCodeSmellSamples/scripts/../dataset/spring-data-neo4j_bf5704c5f710656d30e93eae8b89ebedb1b920cc/spring-data-neo4j/src/test/java/org/springframework/data/neo4j/examples/restaurants/RestaurantTests.java,org.springframework.data.neo4j.examples.restaurants.RestaurantTests,shouldCheckNonExistenceForExistsQueryMethod/0,restaurantRepository,2
/home/sandro/workspace/sandro/MLCQCodeSmellSamples/scripts/../dataset/spring-data-neo4j_bf5704c5f710656d30e93eae8b89ebedb1b920cc/spring-data-neo4j/src/test/java/org/springframework/data/neo4j/examples/restaurants/RestaurantTests.java,org.springframework.data.neo4j.examples.restaurants.RestaurantTests,shouldFindByScoreLessThan/0,restaurantRepository,5
/home/sandro/workspace/sandro/MLCQCodeSmellSamples/scripts/../dataset/spring-data-neo4j_bf5704c5f710656d30e93eae8b89ebedb1b920cc/spring-data-neo4j/src/test/java/org/springframework/data/neo4j/examples/restaurants/RestaurantTests.java,org.springframework.data.neo4j.examples.restaurants.RestaurantTests,shouldFindByNameExists/0,restaurantRepository,3
/home/sandro/workspace/sandro/MLCQCodeSmellSamples/scripts/../dataset/spring-data-neo4j_bf5704c5f710656d30e93eae8b89ebedb1b920cc/spring-data-neo4j/src/test/java/org/springframework/data/neo4j/examples/restaurants/RestaurantTests.java,org.springframework.data.neo4j.examples.restaurants.RestaurantTests,shouldFindByPropertyIsNotNull/0,restaurantRepository,3
/home/sandro/workspace/sandro/MLCQCodeSmellSamples/scripts/../dataset/spring-data-neo4j_bf5704c5f710656d30e93eae8b89ebedb1b920cc/spring-data-neo4j/src/test/java/org/springframework/data/neo4j/examples/restaurants/RestaurantTests.java,org.springframework.data.neo4j.examples.restaurants.RestaurantTests,shouldFindRestaurantsWithScoreBetweenRangeExclusiveBothBounds/0,restaurantRepository,4
/home/sandro/workspace/sandro/MLCQCodeSmellSamples/scripts/../dataset/spring-data-neo4j_bf5704c5f710656d30e93eae8b89ebedb1b920cc/spring-data-neo4j/src/test/java/org/springframework/data/neo4j/examples/restaurants/RestaurantTests.java,org.springframework.data.neo4j.examples.restaurants.RestaurantTests,shouldFindByPropertyIsFalse/0,restaurantRepository,3
/home/sandro/workspace/sandro/MLCQCodeSmellSamples/scripts/../dataset/spring-data-neo4j_bf5704c5f710656d30e93eae8b89ebedb1b920cc/spring-data-neo4j/src/test/java/org/springframework/data/neo4j/examples/restaurants/RestaurantTests.java,org.springframework.data.neo4j.examples.restaurants.RestaurantTests,shouldFindRestaurantsNear_nameParameterFirst/0,restaurantRepository,2
/home/sandro/workspace/sandro/MLCQCodeSmellSamples/scripts/../dataset/spring-data-neo4j_bf5704c5f710656d30e93eae8b89ebedb1b920cc/spring-data-neo4j/src/test/java/org/springframework/data/neo4j/examples/restaurants/RestaurantTests.java,org.springframework.data.neo4j.examples.restaurants.RestaurantTests,shouldFindByNameEndingWith/0,restaurantRepository,3
/home/sandro/workspace/sandro/MLCQCodeSmellSamples/scripts/../dataset/spring-data-neo4j_bf5704c5f710656d30e93eae8b89ebedb1b920cc/spring-data-neo4j/src/test/java/org/springframework/data/neo4j/examples/restaurants/RestaurantTests.java,org.springframework.data.neo4j.examples.restaurants.RestaurantTests,shouldFindByNameNotLike/0,restaurantRepository,3
/home/sandro/workspace/sandro/MLCQCodeSmellSamples/scripts/../dataset/spring-data-neo4j_bf5704c5f710656d30e93eae8b89ebedb1b920cc/spring-data-neo4j/src/test/java/org/springframework/data/neo4j/template/TemplateApplicationEventTests.java,org.springframework.data.neo4j.template.TemplateApplicationEventTests,shouldCreateTemplateAndPublishAppropriateApplicationEventsOnSaveAndOnDelete/0,session,3
/home/sandro/workspace/sandro/MLCQCodeSmellSamples/scripts/../dataset/spring-data-neo4j_bf5704c5f710656d30e93eae8b89ebedb1b920cc/spring-data-neo4j/src/test/java/org/springframework/data/neo4j/template/TemplateApplicationEventTests.java,org.springframework.data.neo4j.template.TemplateApplicationEventTests,shouldCreateTemplateAndPublishAppropriateApplicationEventsOnSaveAndOnDelete/0,eventListener,12
/home/sandro/workspace/sandro/MLCQCodeSmellSamples/scripts/../dataset/spring-data-neo4j_bf5704c5f710656d30e93eae8b89ebedb1b920cc/spring-data-neo4j/src/main/java/org/springframework/data/neo4j/repository/query/CustomResultConverter.java,org.springframework.data.neo4j.repository.query.CustomResultConverter,convert/1[java.lang.Object],metaData,1
/home/sandro/workspace/sandro/MLCQCodeSmellSamples/scripts/../dataset/spring-data-neo4j_bf5704c5f710656d30e93eae8b89ebedb1b920cc/spring-data-neo4j/src/main/java/org/springframework/data/neo4j/repository/query/CustomResultConverter.java,org.springframework.data.neo4j.repository.query.CustomResultConverter,convert/1[java.lang.Object],returnedType,5
/home/sandro/workspace/sandro/MLCQCodeSmellSamples/scripts/../dataset/spring-data-neo4j_bf5704c5f710656d30e93eae8b89ebedb1b920cc/spring-data-neo4j/src/main/java/org/springframework/data/neo4j/repository/query/CustomResultConverter.java,org.springframework.data.neo4j.repository.query.CustomResultConverter,convert/1[java.lang.Object],entityInstantiator,1
/home/sandro/workspace/sandro/MLCQCodeSmellSamples/scripts/../dataset/spring-data-neo4j_bf5704c5f710656d30e93eae8b89ebedb1b920cc/spring-data-neo4j/src/main/java/org/springframework/data/neo4j/repository/query/CustomResultConverter.java,org.springframework.data.neo4j.repository.query.CustomResultConverter,"CustomResultConverter/3[org.springframework.data.neo4j.repository.query.MetaData,java.lang.Class<?>,org.springframework.data.neo4j.repository.query.QueryResultInstantiator]",metaData,3
/home/sandro/workspace/sandro/MLCQCodeSmellSamples/scripts/../dataset/spring-data-neo4j_bf5704c5f710656d30e93eae8b89ebedb1b920cc/spring-data-neo4j/src/main/java/org/springframework/data/neo4j/repository/query/CustomResultConverter.java,org.springframework.data.neo4j.repository.query.CustomResultConverter,"CustomResultConverter/3[org.springframework.data.neo4j.repository.query.MetaData,java.lang.Class<?>,org.springframework.data.neo4j.repository.query.QueryResultInstantiator]",returnedType,3
/home/sandro/workspace/sandro/MLCQCodeSmellSamples/scripts/../dataset/spring-data-neo4j_bf5704c5f710656d30e93eae8b89ebedb1b920cc/spring-data-neo4j/src/main/java/org/springframework/data/neo4j/repository/query/CustomResultConverter.java,org.springframework.data.neo4j.repository.query.CustomResultConverter,"CustomResultConverter/3[org.springframework.data.neo4j.repository.query.MetaData,java.lang.Class<?>,org.springframework.data.neo4j.repository.query.QueryResultInstantiator]",entityInstantiator,3
/home/sandro/workspace/sandro/MLCQCodeSmellSamples/scripts/../dataset/spring-data-neo4j_bf5704c5f710656d30e93eae8b89ebedb1b920cc/spring-data-neo4j/src/test/java/org/springframework/data/neo4j/examples/galaxy/GalaxyServiceTests.java,org.springframework.data.neo4j.examples.galaxy.GalaxyServiceTests,shouldFindAllWorlds/0,galaxyService,2
/home/sandro/workspace/sandro/MLCQCodeSmellSamples/scripts/../dataset/spring-data-neo4j_bf5704c5f710656d30e93eae8b89ebedb1b920cc/spring-data-neo4j/src/test/java/org/springframework/data/neo4j/examples/galaxy/GalaxyServiceTests.java,org.springframework.data.neo4j.examples.galaxy.GalaxyServiceTests,shouldHaveCorrectNumberOfWorlds/0,galaxyService,2
/home/sandro/workspace/sandro/MLCQCodeSmellSamples/scripts/../dataset/spring-data-neo4j_bf5704c5f710656d30e93eae8b89ebedb1b920cc/spring-data-neo4j/src/test/java/org/springframework/data/neo4j/examples/galaxy/GalaxyServiceTests.java,org.springframework.data.neo4j.examples.galaxy.GalaxyServiceTests,shouldFindWorldsByName/0,galaxyService,3
/home/sandro/workspace/sandro/MLCQCodeSmellSamples/scripts/../dataset/spring-data-neo4j_bf5704c5f710656d30e93eae8b89ebedb1b920cc/spring-data-neo4j/src/test/java/org/springframework/data/neo4j/examples/galaxy/GalaxyServiceTests.java,org.springframework.data.neo4j.examples.galaxy.GalaxyServiceTests,shouldPageAllWorlds/0,galaxyService,2
/home/sandro/workspace/sandro/MLCQCodeSmellSamples/scripts/../dataset/spring-data-neo4j_bf5704c5f710656d30e93eae8b89ebedb1b920cc/spring-data-neo4j/src/test/java/org/springframework/data/neo4j/examples/galaxy/GalaxyServiceTests.java,org.springframework.data.neo4j.examples.galaxy.GalaxyServiceTests,shouldFindWorldsWith1Moon/0,galaxyService,2
/home/sandro/workspace/sandro/MLCQCodeSmellSamples/scripts/../dataset/spring-data-neo4j_bf5704c5f710656d30e93eae8b89ebedb1b920cc/spring-data-neo4j/src/test/java/org/springframework/data/neo4j/examples/galaxy/GalaxyServiceTests.java,org.springframework.data.neo4j.examples.galaxy.GalaxyServiceTests,shouldSupportPaging/0,galaxyService,2
/home/sandro/workspace/sandro/MLCQCodeSmellSamples/scripts/../dataset/spring-data-neo4j_bf5704c5f710656d30e93eae8b89ebedb1b920cc/spring-data-neo4j/src/test/java/org/springframework/data/neo4j/examples/galaxy/GalaxyServiceTests.java,org.springframework.data.neo4j.examples.galaxy.GalaxyServiceTests,shouldPageAllWorldsSorted/0,galaxyService,2
/home/sandro/workspace/sandro/MLCQCodeSmellSamples/scripts/../dataset/spring-data-neo4j_bf5704c5f710656d30e93eae8b89ebedb1b920cc/spring-data-neo4j/src/test/java/org/springframework/data/neo4j/examples/galaxy/GalaxyServiceTests.java,org.springframework.data.neo4j.examples.galaxy.GalaxyServiceTests,setUp/0,galaxyService,2
/home/sandro/workspace/sandro/MLCQCodeSmellSamples/scripts/../dataset/spring-data-neo4j_bf5704c5f710656d30e93eae8b89ebedb1b920cc/spring-data-neo4j/src/test/java/org/springframework/data/neo4j/examples/galaxy/GalaxyServiceTests.java,org.springframework.data.neo4j.examples.galaxy.GalaxyServiceTests,createAllWorldsAtOnce/0,galaxyService,4
/home/sandro/workspace/sandro/MLCQCodeSmellSamples/scripts/../dataset/spring-data-neo4j_bf5704c5f710656d30e93eae8b89ebedb1b920cc/spring-data-neo4j/src/test/java/org/springframework/data/neo4j/examples/galaxy/GalaxyServiceTests.java,org.springframework.data.neo4j.examples.galaxy.GalaxyServiceTests,shouldReachMarsFromEarth/0,galaxyService,3
/home/sandro/workspace/sandro/MLCQCodeSmellSamples/scripts/../dataset/spring-data-neo4j_bf5704c5f710656d30e93eae8b89ebedb1b920cc/spring-data-neo4j/src/test/java/org/springframework/data/neo4j/examples/galaxy/GalaxyServiceTests.java,org.springframework.data.neo4j.examples.galaxy.GalaxyServiceTests,shouldDetectLastPage/0,galaxyService,2
/home/sandro/workspace/sandro/MLCQCodeSmellSamples/scripts/../dataset/spring-data-neo4j_bf5704c5f710656d30e93eae8b89ebedb1b920cc/spring-data-neo4j/src/test/java/org/springframework/data/neo4j/examples/galaxy/GalaxyServiceTests.java,org.springframework.data.neo4j.examples.galaxy.GalaxyServiceTests,shouldDetectNotOnLastPage/0,galaxyService,2
/home/sandro/workspace/sandro/MLCQCodeSmellSamples/scripts/../dataset/spring-data-neo4j_bf5704c5f710656d30e93eae8b89ebedb1b920cc/spring-data-neo4j/src/test/java/org/springframework/data/neo4j/examples/galaxy/GalaxyServiceTests.java,org.springframework.data.neo4j.examples.galaxy.GalaxyServiceTests,shouldAllowDirectWorldCreation/0,galaxyService,2
/home/sandro/workspace/sandro/MLCQCodeSmellSamples/scripts/../dataset/spring-data-neo4j_bf5704c5f710656d30e93eae8b89ebedb1b920cc/spring-data-neo4j/src/test/java/org/springframework/data/neo4j/examples/galaxy/GalaxyServiceTests.java,org.springframework.data.neo4j.examples.galaxy.GalaxyServiceTests,shouldFindWorldWithRadius/0,galaxyService,3
/home/sandro/workspace/sandro/MLCQCodeSmellSamples/scripts/../dataset/spring-data-neo4j_bf5704c5f710656d30e93eae8b89ebedb1b920cc/spring-data-neo4j/src/test/java/org/springframework/data/neo4j/examples/galaxy/GalaxyServiceTests.java,org.springframework.data.neo4j.examples.galaxy.GalaxyServiceTests,shouldNotFindKrypton/0,galaxyService,2
/home/sandro/workspace/sandro/MLCQCodeSmellSamples/scripts/../dataset/spring-data-neo4j_bf5704c5f710656d30e93eae8b89ebedb1b920cc/spring-data-neo4j/src/test/java/org/springframework/data/neo4j/examples/galaxy/GalaxyServiceTests.java,org.springframework.data.neo4j.examples.galaxy.GalaxyServiceTests,shouldIterateAllWorldsSorted/0,galaxyService,2
/home/sandro/workspace/sandro/MLCQCodeSmellSamples/scripts/../dataset/spring-data-neo4j_bf5704c5f710656d30e93eae8b89ebedb1b920cc/spring-data-neo4j/src/test/java/org/springframework/data/neo4j/examples/galaxy/GalaxyServiceTests.java,org.springframework.data.neo4j.examples.galaxy.GalaxyServiceTests,shouldFindWorldsById/0,galaxyService,3
/home/sandro/workspace/sandro/MLCQCodeSmellSamples/scripts/../dataset/spring-data-neo4j_bf5704c5f710656d30e93eae8b89ebedb1b920cc/spring-data-neo4j/src/test/java/org/springframework/data/neo4j/queries/stored_procedures/DocumentEntity.java,org.springframework.data.neo4j.queries.stored_procedures.DocumentEntity,getName/0,name,1
/home/sandro/workspace/sandro/MLCQCodeSmellSamples/scripts/../dataset/spring-data-neo4j_bf5704c5f710656d30e93eae8b89ebedb1b920cc/spring-data-neo4j/src/test/java/org/springframework/data/neo4j/queries/stored_procedures/DocumentEntity.java,org.springframework.data.neo4j.queries.stored_procedures.DocumentEntity,setName/1[java.lang.String],name,3
/home/sandro/workspace/sandro/MLCQCodeSmellSamples/scripts/../dataset/spring-data-neo4j_bf5704c5f710656d30e93eae8b89ebedb1b920cc/spring-data-neo4j/src/test/java/org/springframework/data/neo4j/queries/stored_procedures/DocumentEntity.java,org.springframework.data.neo4j.queries.stored_procedures.DocumentEntity,getId/0,id,1
/home/sandro/workspace/sandro/MLCQCodeSmellSamples/scripts/../dataset/spring-data-neo4j_bf5704c5f710656d30e93eae8b89ebedb1b920cc/spring-data-neo4j/src/test/java/org/springframework/data/neo4j/transactions/service/BusinessService.java,org.springframework.data.neo4j.transactions.service.BusinessService,insert/0,session,1
/home/sandro/workspace/sandro/MLCQCodeSmellSamples/scripts/../dataset/spring-data-neo4j_bf5704c5f710656d30e93eae8b89ebedb1b920cc/spring-data-neo4j/src/test/java/org/springframework/data/neo4j/transactions/service/BusinessService.java,org.springframework.data.neo4j.transactions.service.BusinessService,fetch/0,session,1
/home/sandro/workspace/sandro/MLCQCodeSmellSamples/scripts/../dataset/spring-data-neo4j_bf5704c5f710656d30e93eae8b89ebedb1b920cc/spring-data-neo4j/src/main/java/org/springframework/data/neo4j/repository/query/NamedGraphRepositoryQuery.java,org.springframework.data.neo4j.repository.query.NamedGraphRepositoryQuery,getQuery/1[java.lang.Object[]],cypherQuery,1
/home/sandro/workspace/sandro/MLCQCodeSmellSamples/scripts/../dataset/spring-data-neo4j_bf5704c5f710656d30e93eae8b89ebedb1b920cc/spring-data-neo4j/src/main/java/org/springframework/data/neo4j/repository/query/NamedGraphRepositoryQuery.java,org.springframework.data.neo4j.repository.query.NamedGraphRepositoryQuery,"NamedGraphRepositoryQuery/5[org.springframework.data.neo4j.repository.query.GraphQueryMethod,org.springframework.data.neo4j.repository.query.MetaData,org.springframework.data.neo4j.repository.query.Session,java.lang.String,org.springframework.data.neo4j.repository.query.QueryMethodEvaluationContextProvider]",cypherQuery,3
/home/sandro/workspace/sandro/MLCQCodeSmellSamples/scripts/../dataset/spring-data-neo4j_bf5704c5f710656d30e93eae8b89ebedb1b920cc/spring-data-neo4j/src/main/java/org/springframework/data/neo4j/mapping/Neo4jPersistentEntity.java,org.springframework.data.neo4j.mapping.Neo4jPersistentEntity$Neo4jIsNewStrategy,isNew/1[java.lang.Object],entity,2
/home/sandro/workspace/sandro/MLCQCodeSmellSamples/scripts/../dataset/spring-data-neo4j_bf5704c5f710656d30e93eae8b89ebedb1b920cc/spring-data-neo4j/src/main/java/org/springframework/data/neo4j/mapping/Neo4jPersistentEntity.java,org.springframework.data.neo4j.mapping.Neo4jPersistentEntity$Neo4jIsNewStrategy,Neo4jIsNewStrategy/1[org.springframework.data.neo4j.mapping.Neo4jPersistentEntity<?>],entity,3
/home/sandro/workspace/sandro/MLCQCodeSmellSamples/scripts/../dataset/spring-data-neo4j_bf5704c5f710656d30e93eae8b89ebedb1b920cc/spring-data-neo4j/src/main/java/org/springframework/data/neo4j/repository/support/Neo4jAuditingBeanPostProcessor.java,org.springframework.data.neo4j.repository.support.Neo4jAuditingBeanPostProcessor,Neo4jAuditingBeanPostProcessor/1[org.springframework.data.neo4j.repository.support.ObjectFactory<org.springframework.data.neo4j.repository.support.IsNewAwareAuditingHandler>],isNewAwareHandler,4
/home/sandro/workspace/sandro/MLCQCodeSmellSamples/scripts/../dataset/spring-data-neo4j_bf5704c5f710656d30e93eae8b89ebedb1b920cc/spring-data-neo4j/src/main/java/org/springframework/data/neo4j/repository/support/Neo4jAuditingBeanPostProcessor.java,org.springframework.data.neo4j.repository.support.Neo4jAuditingBeanPostProcessor,"postProcessAfterInitialization/2[java.lang.Object,java.lang.String]",isNewAwareHandler,1
/home/sandro/workspace/sandro/MLCQCodeSmellSamples/scripts/../dataset/spring-data-neo4j_bf5704c5f710656d30e93eae8b89ebedb1b920cc/spring-data-neo4j/src/test/java/org/springframework/data/neo4j/transactions/ExtendedTransactionsTests.java,org.springframework.data.neo4j.transactions.ExtendedTransactionsTests,shouldRollbackFailThenSuccess/0,wrapperService,1
/home/sandro/workspace/sandro/MLCQCodeSmellSamples/scripts/../dataset/spring-data-neo4j_bf5704c5f710656d30e93eae8b89ebedb1b920cc/spring-data-neo4j/src/test/java/org/springframework/data/neo4j/transactions/ExtendedTransactionsTests.java,org.springframework.data.neo4j.transactions.ExtendedTransactionsTests,countNodes/0,wrapperService,1
/home/sandro/workspace/sandro/MLCQCodeSmellSamples/scripts/../dataset/spring-data-neo4j_bf5704c5f710656d30e93eae8b89ebedb1b920cc/spring-data-neo4j/src/test/java/org/springframework/data/neo4j/transactions/ExtendedTransactionsTests.java,org.springframework.data.neo4j.transactions.ExtendedTransactionsTests,shouldRollbackFailThenFail/0,wrapperService,1
/home/sandro/workspace/sandro/MLCQCodeSmellSamples/scripts/../dataset/spring-data-neo4j_bf5704c5f710656d30e93eae8b89ebedb1b920cc/spring-data-neo4j/src/test/java/org/springframework/data/neo4j/transactions/ExtendedTransactionsTests.java,org.springframework.data.neo4j.transactions.ExtendedTransactionsTests,shouldRollbackSuccessThenFail/0,wrapperService,1
/home/sandro/workspace/sandro/MLCQCodeSmellSamples/scripts/../dataset/spring-data-neo4j_bf5704c5f710656d30e93eae8b89ebedb1b920cc/spring-data-neo4j/src/test/java/org/springframework/data/neo4j/transactions/ExtendedTransactionsTests.java,org.springframework.data.neo4j.transactions.ExtendedTransactionsTests,shouldCommitSuccessSuccess/0,wrapperService,1
/home/sandro/workspace/sandro/MLCQCodeSmellSamples/scripts/../dataset/spring-data-neo4j_bf5704c5f710656d30e93eae8b89ebedb1b920cc/spring-data-neo4j/src/test/java/org/springframework/data/neo4j/transactions/ExtendedTransactionsTests.java,org.springframework.data.neo4j.transactions.ExtendedTransactionsTests,clearDatabase/0,graphDatabaseService,1
/home/sandro/workspace/sandro/MLCQCodeSmellSamples/scripts/../dataset/spring-data-neo4j_bf5704c5f710656d30e93eae8b89ebedb1b920cc/spring-data-neo4j/src/test/java/org/springframework/data/neo4j/transactions/ExtendedTransactionsTests.java,org.springframework.data.neo4j.transactions.ExtendedTransactionsTests,shouldRollbackWithCheckedException/0,wrapperService,1
/home/sandro/workspace/sandro/MLCQCodeSmellSamples/scripts/../dataset/spring-data-neo4j_bf5704c5f710656d30e93eae8b89ebedb1b920cc/spring-data-neo4j/src/test/java/org/springframework/data/neo4j/transactions/ExtendedTransactionsTests.java,org.springframework.data.neo4j.transactions.ExtendedTransactionsTests,shouldRollbackRepositoryMethodOnCheckedException/0,serviceB,1
/home/sandro/workspace/sandro/MLCQCodeSmellSamples/scripts/../dataset/spring-data-neo4j_bf5704c5f710656d30e93eae8b89ebedb1b920cc/spring-data-neo4j/src/test/java/org/springframework/data/neo4j/transactions/ExtendedTransactionsTests.java,org.springframework.data.neo4j.transactions.ExtendedTransactionsTests,shouldRollbackRepositoryMethodOnCheckedException/0,serviceA,1
/home/sandro/workspace/sandro/MLCQCodeSmellSamples/scripts/../dataset/spring-data-neo4j_bf5704c5f710656d30e93eae8b89ebedb1b920cc/spring-data-neo4j/src/main/java/org/springframework/data/neo4j/repository/query/GraphQueryExecution.java,org.springframework.data.neo4j.repository.query.GraphQueryExecution$PagedExecution,"PagedExecution/2[org.springframework.data.neo4j.repository.query.Session,org.springframework.data.neo4j.repository.query.GraphParameterAccessor]",session,3
/home/sandro/workspace/sandro/MLCQCodeSmellSamples/scripts/../dataset/spring-data-neo4j_bf5704c5f710656d30e93eae8b89ebedb1b920cc/spring-data-neo4j/src/main/java/org/springframework/data/neo4j/repository/query/GraphQueryExecution.java,org.springframework.data.neo4j.repository.query.GraphQueryExecution$PagedExecution,"PagedExecution/2[org.springframework.data.neo4j.repository.query.Session,org.springframework.data.neo4j.repository.query.GraphParameterAccessor]",accessor,4
/home/sandro/workspace/sandro/MLCQCodeSmellSamples/scripts/../dataset/spring-data-neo4j_bf5704c5f710656d30e93eae8b89ebedb1b920cc/spring-data-neo4j/src/main/java/org/springframework/data/neo4j/repository/query/GraphQueryExecution.java,org.springframework.data.neo4j.repository.query.GraphQueryExecution$PagedExecution,"PagedExecution/2[org.springframework.data.neo4j.repository.query.Session,org.springframework.data.neo4j.repository.query.GraphParameterAccessor]",pageable,1
/home/sandro/workspace/sandro/MLCQCodeSmellSamples/scripts/../dataset/spring-data-neo4j_bf5704c5f710656d30e93eae8b89ebedb1b920cc/spring-data-neo4j/src/main/java/org/springframework/data/neo4j/repository/query/GraphQueryExecution.java,org.springframework.data.neo4j.repository.query.GraphQueryExecution$PagedExecution,countTotalNumberOfElements/1[org.springframework.data.neo4j.repository.query.Query],session,1
/home/sandro/workspace/sandro/MLCQCodeSmellSamples/scripts/../dataset/spring-data-neo4j_bf5704c5f710656d30e93eae8b89ebedb1b920cc/spring-data-neo4j/src/main/java/org/springframework/data/neo4j/repository/query/GraphQueryExecution.java,org.springframework.data.neo4j.repository.query.GraphQueryExecution$PagedExecution,"execute/2[org.springframework.data.neo4j.repository.query.Query,java.lang.Class<?>]",session,4
/home/sandro/workspace/sandro/MLCQCodeSmellSamples/scripts/../dataset/spring-data-neo4j_bf5704c5f710656d30e93eae8b89ebedb1b920cc/spring-data-neo4j/src/main/java/org/springframework/data/neo4j/repository/query/GraphQueryExecution.java,org.springframework.data.neo4j.repository.query.GraphQueryExecution$PagedExecution,"execute/2[org.springframework.data.neo4j.repository.query.Query,java.lang.Class<?>]",accessor,2
/home/sandro/workspace/sandro/MLCQCodeSmellSamples/scripts/../dataset/spring-data-neo4j_bf5704c5f710656d30e93eae8b89ebedb1b920cc/spring-data-neo4j/src/main/java/org/springframework/data/neo4j/repository/query/GraphQueryExecution.java,org.springframework.data.neo4j.repository.query.GraphQueryExecution$PagedExecution,"execute/2[org.springframework.data.neo4j.repository.query.Query,java.lang.Class<?>]",pageable,4
/home/sandro/workspace/sandro/MLCQCodeSmellSamples/scripts/../dataset/spring-data-neo4j_bf5704c5f710656d30e93eae8b89ebedb1b920cc/spring-data-neo4j/src/test/java/org/springframework/data/neo4j/conversion/Neo4jOgmEntityInstantiatorAdapterTest.java,org.springframework.data.neo4j.conversion.Neo4jOgmEntityInstantiatorAdapterTest,initializeNeo4j/0,serverControls,2
/home/sandro/workspace/sandro/MLCQCodeSmellSamples/scripts/../dataset/spring-data-neo4j_bf5704c5f710656d30e93eae8b89ebedb1b920cc/spring-data-neo4j/src/test/java/org/springframework/data/neo4j/conversion/Neo4jOgmEntityInstantiatorAdapterTest.java,org.springframework.data.neo4j.conversion.Neo4jOgmEntityInstantiatorAdapterTest,initializeNeo4j/0,boltURI,2
/home/sandro/workspace/sandro/MLCQCodeSmellSamples/scripts/../dataset/spring-data-neo4j_bf5704c5f710656d30e93eae8b89ebedb1b920cc/spring-data-neo4j/src/test/java/org/springframework/data/neo4j/conversion/Neo4jOgmEntityInstantiatorAdapterTest.java,org.springframework.data.neo4j.conversion.Neo4jOgmEntityInstantiatorAdapterTest,ctorShouldHandleEmptyArrayFromAttributes/0,myNodeRepository,1
/home/sandro/workspace/sandro/MLCQCodeSmellSamples/scripts/../dataset/spring-data-neo4j_bf5704c5f710656d30e93eae8b89ebedb1b920cc/spring-data-neo4j/src/test/java/org/springframework/data/neo4j/conversion/Neo4jOgmEntityInstantiatorAdapterTest.java,org.springframework.data.neo4j.conversion.Neo4jOgmEntityInstantiatorAdapterTest,ctorShouldHandleEmptyArrayFromStoredProcedure/0,myNodeRepository,1
/home/sandro/workspace/sandro/MLCQCodeSmellSamples/scripts/../dataset/spring-data-neo4j_bf5704c5f710656d30e93eae8b89ebedb1b920cc/spring-data-neo4j/src/test/java/org/springframework/data/neo4j/conversion/Neo4jOgmEntityInstantiatorAdapterTest.java,org.springframework.data.neo4j.conversion.Neo4jOgmEntityInstantiatorAdapterTest,ctorShouldHandleNonEmptyListFromStoredProcedure/0,myNodeRepository,1
/home/sandro/workspace/sandro/MLCQCodeSmellSamples/scripts/../dataset/spring-data-neo4j_bf5704c5f710656d30e93eae8b89ebedb1b920cc/spring-data-neo4j/src/test/java/org/springframework/data/neo4j/queries/PagedQueryTests.java,org.springframework.data.neo4j.queries.PagedQueryTests,shouldThrowExceptionIfCountQueryAbsent/0,cinemaRepository,1
/home/sandro/workspace/sandro/MLCQCodeSmellSamples/scripts/../dataset/spring-data-neo4j_bf5704c5f710656d30e93eae8b89ebedb1b920cc/spring-data-neo4j/src/test/java/org/springframework/data/neo4j/queries/PagedQueryTests.java,org.springframework.data.neo4j.queries.PagedQueryTests,shouldFindSlicedCinemasSortedWithCustomQuery/0,cinemaRepository,3
/home/sandro/workspace/sandro/MLCQCodeSmellSamples/scripts/../dataset/spring-data-neo4j_bf5704c5f710656d30e93eae8b89ebedb1b920cc/spring-data-neo4j/src/test/java/org/springframework/data/neo4j/queries/PagedQueryTests.java,org.springframework.data.neo4j.queries.PagedQueryTests,shouldFindSortedCinemas/0,cinemaRepository,1
/home/sandro/workspace/sandro/MLCQCodeSmellSamples/scripts/../dataset/spring-data-neo4j_bf5704c5f710656d30e93eae8b89ebedb1b920cc/spring-data-neo4j/src/test/java/org/springframework/data/neo4j/queries/PagedQueryTests.java,org.springframework.data.neo4j.queries.PagedQueryTests,shouldFindCinemasSortedByNameWithCustomQuery/0,cinemaRepository,1
/home/sandro/workspace/sandro/MLCQCodeSmellSamples/scripts/../dataset/spring-data-neo4j_bf5704c5f710656d30e93eae8b89ebedb1b920cc/spring-data-neo4j/src/test/java/org/springframework/data/neo4j/queries/PagedQueryTests.java,org.springframework.data.neo4j.queries.PagedQueryTests,shouldSortPageWhenNestedPropertyIsInvolved/0,transactionTemplate,1
/home/sandro/workspace/sandro/MLCQCodeSmellSamples/scripts/../dataset/spring-data-neo4j_bf5704c5f710656d30e93eae8b89ebedb1b920cc/spring-data-neo4j/src/test/java/org/springframework/data/neo4j/queries/PagedQueryTests.java,org.springframework.data.neo4j.queries.PagedQueryTests,shouldFindSlicedQueryResults/0,cinemaRepository,4
/home/sandro/workspace/sandro/MLCQCodeSmellSamples/scripts/../dataset/spring-data-neo4j_bf5704c5f710656d30e93eae8b89ebedb1b920cc/spring-data-neo4j/src/test/java/org/springframework/data/neo4j/queries/PagedQueryTests.java,org.springframework.data.neo4j.queries.PagedQueryTests,shouldCorrectlyCalculateWhetherNextSliceExists/0,cinemaRepository,2
/home/sandro/workspace/sandro/MLCQCodeSmellSamples/scripts/../dataset/spring-data-neo4j_bf5704c5f710656d30e93eae8b89ebedb1b920cc/spring-data-neo4j/src/test/java/org/springframework/data/neo4j/queries/PagedQueryTests.java,org.springframework.data.neo4j.queries.PagedQueryTests,init/0,neo4jTestServer,1
/home/sandro/workspace/sandro/MLCQCodeSmellSamples/scripts/../dataset/spring-data-neo4j_bf5704c5f710656d30e93eae8b89ebedb1b920cc/spring-data-neo4j/src/test/java/org/springframework/data/neo4j/queries/PagedQueryTests.java,org.springframework.data.neo4j.queries.PagedQueryTests,shouldSortPageByNestedPropertyIsInvolved/0,transactionTemplate,1
/home/sandro/workspace/sandro/MLCQCodeSmellSamples/scripts/../dataset/spring-data-neo4j_bf5704c5f710656d30e93eae8b89ebedb1b920cc/spring-data-neo4j/src/test/java/org/springframework/data/neo4j/queries/PagedQueryTests.java,org.springframework.data.neo4j.queries.PagedQueryTests,shouldUseQueryParametersInCountQuery/0,cinemaRepository,2
/home/sandro/workspace/sandro/MLCQCodeSmellSamples/scripts/../dataset/spring-data-neo4j_bf5704c5f710656d30e93eae8b89ebedb1b920cc/spring-data-neo4j/src/test/java/org/springframework/data/neo4j/queries/PagedQueryTests.java,org.springframework.data.neo4j.queries.PagedQueryTests,shouldFindPagedAndSortedCinemasByCapacity/0,cinemaRepository,3
/home/sandro/workspace/sandro/MLCQCodeSmellSamples/scripts/../dataset/spring-data-neo4j_bf5704c5f710656d30e93eae8b89ebedb1b920cc/spring-data-neo4j/src/test/java/org/springframework/data/neo4j/queries/PagedQueryTests.java,org.springframework.data.neo4j.queries.PagedQueryTests,setup/0,cinemaRepository,1
/home/sandro/workspace/sandro/MLCQCodeSmellSamples/scripts/../dataset/spring-data-neo4j_bf5704c5f710656d30e93eae8b89ebedb1b920cc/spring-data-neo4j/src/test/java/org/springframework/data/neo4j/queries/PagedQueryTests.java,org.springframework.data.neo4j.queries.PagedQueryTests,executeUpdate/1[java.lang.String],neo4jTestServer,1
/home/sandro/workspace/sandro/MLCQCodeSmellSamples/scripts/../dataset/spring-data-neo4j_bf5704c5f710656d30e93eae8b89ebedb1b920cc/spring-data-neo4j/src/test/java/org/springframework/data/neo4j/queries/PagedQueryTests.java,org.springframework.data.neo4j.queries.PagedQueryTests,shouldFindPagedQueryResults/0,cinemaRepository,4
/home/sandro/workspace/sandro/MLCQCodeSmellSamples/scripts/../dataset/spring-data-neo4j_bf5704c5f710656d30e93eae8b89ebedb1b920cc/spring-data-neo4j/src/test/java/org/springframework/data/neo4j/queries/PagedQueryTests.java,org.springframework.data.neo4j.queries.PagedQueryTests,shouldFindSlicedCinemas/0,cinemaRepository,4
/home/sandro/workspace/sandro/MLCQCodeSmellSamples/scripts/../dataset/spring-data-neo4j_bf5704c5f710656d30e93eae8b89ebedb1b920cc/spring-data-neo4j/src/test/java/org/springframework/data/neo4j/queries/PagedQueryTests.java,org.springframework.data.neo4j.queries.PagedQueryTests,shouldFindPagedCinemas/0,cinemaRepository,4
/home/sandro/workspace/sandro/MLCQCodeSmellSamples/scripts/../dataset/spring-data-neo4j_bf5704c5f710656d30e93eae8b89ebedb1b920cc/spring-data-neo4j/src/test/java/org/springframework/data/neo4j/queries/PagedQueryTests.java,org.springframework.data.neo4j.queries.PagedQueryTests,shouldFindPagedAndSortedCinemas/0,cinemaRepository,3
/home/sandro/workspace/sandro/MLCQCodeSmellSamples/scripts/../dataset/spring-data-neo4j_bf5704c5f710656d30e93eae8b89ebedb1b920cc/spring-data-neo4j/src/test/java/org/springframework/data/neo4j/queries/PagedQueryTests.java,org.springframework.data.neo4j.queries.PagedQueryTests,shouldFindPagedQueryInterfaceResults/0,cinemaRepository,4
/home/sandro/workspace/sandro/MLCQCodeSmellSamples/scripts/../dataset/spring-data-neo4j_bf5704c5f710656d30e93eae8b89ebedb1b920cc/spring-data-neo4j/src/test/java/org/springframework/data/neo4j/queries/PagedQueryTests.java,org.springframework.data.neo4j.queries.PagedQueryTests,shouldFindPagedCinemasSortedWithCustomQuery/0,cinemaRepository,3
/home/sandro/workspace/sandro/MLCQCodeSmellSamples/scripts/../dataset/spring-data-neo4j_bf5704c5f710656d30e93eae8b89ebedb1b920cc/spring-data-neo4j/src/main/java/org/springframework/data/neo4j/web/support/OpenSessionInViewInterceptor.java,org.springframework.data.neo4j.web.support.OpenSessionInViewInterceptor,getSessionFactory/0,sessionFactory,1
/home/sandro/workspace/sandro/MLCQCodeSmellSamples/scripts/../dataset/spring-data-neo4j_bf5704c5f710656d30e93eae8b89ebedb1b920cc/spring-data-neo4j/src/main/java/org/springframework/data/neo4j/web/support/OpenSessionInViewInterceptor.java,org.springframework.data.neo4j.web.support.OpenSessionInViewInterceptor,preHandle/1[org.springframework.data.neo4j.web.support.WebRequest],logger,1
/home/sandro/workspace/sandro/MLCQCodeSmellSamples/scripts/../dataset/spring-data-neo4j_bf5704c5f710656d30e93eae8b89ebedb1b920cc/spring-data-neo4j/src/main/java/org/springframework/data/neo4j/web/support/OpenSessionInViewInterceptor.java,org.springframework.data.neo4j.web.support.OpenSessionInViewInterceptor,preHandle/1[org.springframework.data.neo4j.web.support.WebRequest],sessionFactory,1
/home/sandro/workspace/sandro/MLCQCodeSmellSamples/scripts/../dataset/spring-data-neo4j_bf5704c5f710656d30e93eae8b89ebedb1b920cc/spring-data-neo4j/src/main/java/org/springframework/data/neo4j/web/support/OpenSessionInViewInterceptor.java,org.springframework.data.neo4j.web.support.OpenSessionInViewInterceptor,"afterCompletion/2[org.springframework.data.neo4j.web.support.WebRequest,java.lang.Exception]",logger,1
/home/sandro/workspace/sandro/MLCQCodeSmellSamples/scripts/../dataset/spring-data-neo4j_bf5704c5f710656d30e93eae8b89ebedb1b920cc/spring-data-neo4j/src/main/java/org/springframework/data/neo4j/web/support/OpenSessionInViewInterceptor.java,org.springframework.data.neo4j.web.support.OpenSessionInViewInterceptor,setSessionFactory/1[org.springframework.data.neo4j.web.support.SessionFactory],sessionFactory,3
/home/sandro/workspace/sandro/MLCQCodeSmellSamples/scripts/../dataset/spring-data-neo4j_bf5704c5f710656d30e93eae8b89ebedb1b920cc/spring-data-neo4j/src/main/java/org/springframework/data/neo4j/web/support/OpenSessionInViewInterceptor.java,org.springframework.data.neo4j.web.support.OpenSessionInViewInterceptor,getParticipateAttributeName/0,PARTICIPATE_SUFFIX,2
/home/sandro/workspace/sandro/MLCQCodeSmellSamples/scripts/../dataset/spring-data-neo4j_bf5704c5f710656d30e93eae8b89ebedb1b920cc/spring-data-neo4j/src/main/java/org/springframework/data/neo4j/repository/cdi/Neo4jCdiRepositoryExtension.java,org.springframework.data.neo4j.repository.cdi.Neo4jCdiRepositoryExtension,"afterBeanDiscovery/2[org.springframework.data.neo4j.repository.cdi.AfterBeanDiscovery,org.springframework.data.neo4j.repository.cdi.BeanManager]",LOG,2
/home/sandro/workspace/sandro/MLCQCodeSmellSamples/scripts/../dataset/spring-data-neo4j_bf5704c5f710656d30e93eae8b89ebedb1b920cc/spring-data-neo4j/src/main/java/org/springframework/data/neo4j/repository/cdi/Neo4jCdiRepositoryExtension.java,org.springframework.data.neo4j.repository.cdi.Neo4jCdiRepositoryExtension,processBean/1[org.springframework.data.neo4j.repository.cdi.ProcessBean<X>],sessions,1
/home/sandro/workspace/sandro/MLCQCodeSmellSamples/scripts/../dataset/spring-data-neo4j_bf5704c5f710656d30e93eae8b89ebedb1b920cc/spring-data-neo4j/src/main/java/org/springframework/data/neo4j/repository/cdi/Neo4jCdiRepositoryExtension.java,org.springframework.data.neo4j.repository.cdi.Neo4jCdiRepositoryExtension,processBean/1[org.springframework.data.neo4j.repository.cdi.ProcessBean<X>],LOG,2
/home/sandro/workspace/sandro/MLCQCodeSmellSamples/scripts/../dataset/spring-data-neo4j_bf5704c5f710656d30e93eae8b89ebedb1b920cc/spring-data-neo4j/src/main/java/org/springframework/data/neo4j/repository/cdi/Neo4jCdiRepositoryExtension.java,org.springframework.data.neo4j.repository.cdi.Neo4jCdiRepositoryExtension,"createRepositoryBean/3[java.lang.Class<T>,java.util.Set<java.lang.annotation.Annotation>,org.springframework.data.neo4j.repository.cdi.BeanManager]",sessions,1
/home/sandro/workspace/sandro/MLCQCodeSmellSamples/scripts/../dataset/spring-data-neo4j_bf5704c5f710656d30e93eae8b89ebedb1b920cc/spring-data-neo4j/src/main/java/org/springframework/data/neo4j/repository/cdi/Neo4jCdiRepositoryExtension.java,org.springframework.data.neo4j.repository.cdi.Neo4jCdiRepositoryExtension,Neo4jCdiRepositoryExtension/0,LOG,1
/home/sandro/workspace/sandro/MLCQCodeSmellSamples/scripts/../dataset/spring-data-neo4j_bf5704c5f710656d30e93eae8b89ebedb1b920cc/spring-data-neo4j/src/test/java/org/springframework/data/neo4j/repositories/RepoScanningTests.java,org.springframework.data.neo4j.repositories.RepoScanningTests,clearDatabase/0,graphDatabaseService,1
/home/sandro/workspace/sandro/MLCQCodeSmellSamples/scripts/../dataset/spring-data-neo4j_bf5704c5f710656d30e93eae8b89ebedb1b920cc/spring-data-neo4j/src/test/java/org/springframework/data/neo4j/repositories/RepoScanningTests.java,org.springframework.data.neo4j.repositories.RepoScanningTests,enableNeo4jRepositoriesShouldScanSelfPackageByDefault/0,graphDatabaseService,1
/home/sandro/workspace/sandro/MLCQCodeSmellSamples/scripts/../dataset/spring-data-neo4j_bf5704c5f710656d30e93eae8b89ebedb1b920cc/spring-data-neo4j/src/test/java/org/springframework/data/neo4j/repositories/RepoScanningTests.java,org.springframework.data.neo4j.repositories.RepoScanningTests,enableNeo4jRepositoriesShouldScanSelfPackageByDefault/0,userRepository,1
/home/sandro/workspace/sandro/MLCQCodeSmellSamples/scripts/../dataset/spring-data-neo4j_bf5704c5f710656d30e93eae8b89ebedb1b920cc/spring-data-neo4j/src/test/java/org/springframework/data/neo4j/integration/constructors/domain/Group.java,org.springframework.data.neo4j.integration.constructors.domain.Group,Group/1[java.lang.String],name,4
/home/sandro/workspace/sandro/MLCQCodeSmellSamples/scripts/../dataset/spring-data-neo4j_bf5704c5f710656d30e93eae8b89ebedb1b920cc/spring-data-neo4j/src/test/java/org/springframework/data/neo4j/integration/constructors/domain/Group.java,org.springframework.data.neo4j.integration.constructors.domain.Group,getName/0,name,1
/home/sandro/workspace/sandro/MLCQCodeSmellSamples/scripts/../dataset/spring-data-neo4j_bf5704c5f710656d30e93eae8b89ebedb1b920cc/spring-data-neo4j/src/test/java/org/springframework/data/neo4j/queries/Java8SupportTests.java,org.springframework.data.neo4j.queries.Java8SupportTests,shouldGetCinemasAsync/0,cinemaRepository,1
/home/sandro/workspace/sandro/MLCQCodeSmellSamples/scripts/../dataset/spring-data-neo4j_bf5704c5f710656d30e93eae8b89ebedb1b920cc/spring-data-neo4j/src/test/java/org/springframework/data/neo4j/queries/Java8SupportTests.java,org.springframework.data.neo4j.queries.Java8SupportTests,shouldStreamCinemasWithSort/0,cinemaRepository,1
/home/sandro/workspace/sandro/MLCQCodeSmellSamples/scripts/../dataset/spring-data-neo4j_bf5704c5f710656d30e93eae8b89ebedb1b920cc/spring-data-neo4j/src/test/java/org/springframework/data/neo4j/queries/Java8SupportTests.java,org.springframework.data.neo4j.queries.Java8SupportTests,setup/0,cinemaRepository,1
/home/sandro/workspace/sandro/MLCQCodeSmellSamples/scripts/../dataset/spring-data-neo4j_bf5704c5f710656d30e93eae8b89ebedb1b920cc/spring-data-neo4j/src/test/java/org/springframework/data/neo4j/queries/Java8SupportTests.java,org.springframework.data.neo4j.queries.Java8SupportTests,setup/0,neo4jTestServer,1
/home/sandro/workspace/sandro/MLCQCodeSmellSamples/scripts/../dataset/spring-data-neo4j_bf5704c5f710656d30e93eae8b89ebedb1b920cc/spring-data-neo4j/src/test/java/org/springframework/data/neo4j/queries/Java8SupportTests.java,org.springframework.data.neo4j.queries.Java8SupportTests,shouldFindOptionalCinema/0,cinemaRepository,2
/home/sandro/workspace/sandro/MLCQCodeSmellSamples/scripts/../dataset/spring-data-neo4j_bf5704c5f710656d30e93eae8b89ebedb1b920cc/spring-data-neo4j/src/test/java/org/springframework/data/neo4j/queries/Java8SupportTests.java,org.springframework.data.neo4j.queries.Java8SupportTests,shouldStreamCinemas/0,cinemaRepository,1
/home/sandro/workspace/sandro/MLCQCodeSmellSamples/scripts/../dataset/spring-data-neo4j_bf5704c5f710656d30e93eae8b89ebedb1b920cc/spring-data-neo4j/src/test/java/org/springframework/data/neo4j/examples/jsr303/controller/AdultController.java,org.springframework.data.neo4j.examples.jsr303.controller.AdultController,"create/2[org.springframework.data.neo4j.examples.jsr303.domain.Adult,org.springframework.data.neo4j.examples.jsr303.controller.BindingResult]",service,1
/home/sandro/workspace/sandro/MLCQCodeSmellSamples/scripts/../dataset/spring-data-neo4j_bf5704c5f710656d30e93eae8b89ebedb1b920cc/spring-data-neo4j/src/test/java/org/springframework/data/neo4j/repository/Contact.java,org.springframework.data.neo4j.repository.Contact,Contact/0,uuid,1
/home/sandro/workspace/sandro/MLCQCodeSmellSamples/scripts/../dataset/spring-data-neo4j_bf5704c5f710656d30e93eae8b89ebedb1b920cc/spring-data-neo4j/src/test/java/org/springframework/data/neo4j/repository/Contact.java,org.springframework.data.neo4j.repository.Contact,getId/0,id,1
/home/sandro/workspace/sandro/MLCQCodeSmellSamples/scripts/../dataset/spring-data-neo4j_bf5704c5f710656d30e93eae8b89ebedb1b920cc/spring-data-neo4j/src/test/java/org/springframework/data/neo4j/repository/Contact.java,org.springframework.data.neo4j.repository.Contact,getUuid/0,uuid,1
/home/sandro/workspace/sandro/MLCQCodeSmellSamples/scripts/../dataset/spring-data-neo4j_bf5704c5f710656d30e93eae8b89ebedb1b920cc/spring-data-neo4j/src/test/java/org/springframework/data/neo4j/integration/conversion/SpringMonetaryAmountToNumberConverterFactory.java,org.springframework.data.neo4j.integration.conversion.SpringMonetaryAmountToNumberConverterFactory,getConverter/1[java.lang.Class<T>],wrappedConverter,1
/home/sandro/workspace/sandro/MLCQCodeSmellSamples/scripts/../dataset/spring-data-neo4j_bf5704c5f710656d30e93eae8b89ebedb1b920cc/spring-data-neo4j/src/test/java/org/springframework/data/neo4j/auditing/JavaConfigurationAuditingTests.java,org.springframework.data.neo4j.auditing.JavaConfigurationAuditingTests,whenUpdateEntity_thenSetModifiedAndModifiedBy/0,userRepository,3
/home/sandro/workspace/sandro/MLCQCodeSmellSamples/scripts/../dataset/spring-data-neo4j_bf5704c5f710656d30e93eae8b89ebedb1b920cc/spring-data-neo4j/src/test/java/org/springframework/data/neo4j/auditing/JavaConfigurationAuditingTests.java,org.springframework.data.neo4j.auditing.JavaConfigurationAuditingTests,whenSaveEntity_thenSetCreatedAndCreatedBy/0,userRepository,2
/home/sandro/workspace/sandro/MLCQCodeSmellSamples/scripts/../dataset/spring-data-neo4j_bf5704c5f710656d30e93eae8b89ebedb1b920cc/spring-data-neo4j/src/test/java/org/springframework/data/neo4j/integration/constructors/domain/PersonProjection.java,org.springframework.data.neo4j.integration.constructors.domain.PersonProjection,getName/0,name,1
/home/sandro/workspace/sandro/MLCQCodeSmellSamples/scripts/../dataset/spring-data-neo4j_bf5704c5f710656d30e93eae8b89ebedb1b920cc/spring-data-neo4j/src/test/java/org/springframework/data/neo4j/integration/constructors/domain/PersonProjection.java,org.springframework.data.neo4j.integration.constructors.domain.PersonProjection,getMutualFriends/0,mutualFriends,1
/home/sandro/workspace/sandro/MLCQCodeSmellSamples/scripts/../dataset/spring-data-neo4j_bf5704c5f710656d30e93eae8b89ebedb1b920cc/spring-data-neo4j/src/test/java/org/springframework/data/neo4j/integration/constructors/domain/PersonProjection.java,org.springframework.data.neo4j.integration.constructors.domain.PersonProjection,"PersonProjection/3[java.lang.String,long,java.util.List<org.springframework.data.neo4j.integration.constructors.domain.Person>]",name,3
/home/sandro/workspace/sandro/MLCQCodeSmellSamples/scripts/../dataset/spring-data-neo4j_bf5704c5f710656d30e93eae8b89ebedb1b920cc/spring-data-neo4j/src/test/java/org/springframework/data/neo4j/integration/constructors/domain/PersonProjection.java,org.springframework.data.neo4j.integration.constructors.domain.PersonProjection,"PersonProjection/3[java.lang.String,long,java.util.List<org.springframework.data.neo4j.integration.constructors.domain.Person>]",numberOfFriends,3
/home/sandro/workspace/sandro/MLCQCodeSmellSamples/scripts/../dataset/spring-data-neo4j_bf5704c5f710656d30e93eae8b89ebedb1b920cc/spring-data-neo4j/src/test/java/org/springframework/data/neo4j/integration/constructors/domain/PersonProjection.java,org.springframework.data.neo4j.integration.constructors.domain.PersonProjection,"PersonProjection/3[java.lang.String,long,java.util.List<org.springframework.data.neo4j.integration.constructors.domain.Person>]",mutualFriends,3
/home/sandro/workspace/sandro/MLCQCodeSmellSamples/scripts/../dataset/spring-data-neo4j_bf5704c5f710656d30e93eae8b89ebedb1b920cc/spring-data-neo4j/src/test/java/org/springframework/data/neo4j/integration/constructors/domain/PersonProjection.java,org.springframework.data.neo4j.integration.constructors.domain.PersonProjection,getNumberOfFriends/0,numberOfFriends,1
/home/sandro/workspace/sandro/MLCQCodeSmellSamples/scripts/../dataset/spring-data-neo4j_bf5704c5f710656d30e93eae8b89ebedb1b920cc/spring-data-neo4j/src/test/java/org/springframework/data/neo4j/domain/sample/Address.java,org.springframework.data.neo4j.domain.sample.Address,getCity/0,city,1
/home/sandro/workspace/sandro/MLCQCodeSmellSamples/scripts/../dataset/spring-data-neo4j_bf5704c5f710656d30e93eae8b89ebedb1b920cc/spring-data-neo4j/src/test/java/org/springframework/data/neo4j/domain/sample/Address.java,org.springframework.data.neo4j.domain.sample.Address,getStreetName/0,streetName,1
/home/sandro/workspace/sandro/MLCQCodeSmellSamples/scripts/../dataset/spring-data-neo4j_bf5704c5f710656d30e93eae8b89ebedb1b920cc/spring-data-neo4j/src/test/java/org/springframework/data/neo4j/domain/sample/Address.java,org.springframework.data.neo4j.domain.sample.Address,getStreetNo/0,streetNo,1
/home/sandro/workspace/sandro/MLCQCodeSmellSamples/scripts/../dataset/spring-data-neo4j_bf5704c5f710656d30e93eae8b89ebedb1b920cc/spring-data-neo4j/src/test/java/org/springframework/data/neo4j/domain/sample/Address.java,org.springframework.data.neo4j.domain.sample.Address,"Address/4[java.lang.String,java.lang.String,java.lang.String,java.lang.String]",country,3
/home/sandro/workspace/sandro/MLCQCodeSmellSamples/scripts/../dataset/spring-data-neo4j_bf5704c5f710656d30e93eae8b89ebedb1b920cc/spring-data-neo4j/src/test/java/org/springframework/data/neo4j/domain/sample/Address.java,org.springframework.data.neo4j.domain.sample.Address,"Address/4[java.lang.String,java.lang.String,java.lang.String,java.lang.String]",streetName,3
/home/sandro/workspace/sandro/MLCQCodeSmellSamples/scripts/../dataset/spring-data-neo4j_bf5704c5f710656d30e93eae8b89ebedb1b920cc/spring-data-neo4j/src/test/java/org/springframework/data/neo4j/domain/sample/Address.java,org.springframework.data.neo4j.domain.sample.Address,"Address/4[java.lang.String,java.lang.String,java.lang.String,java.lang.String]",city,3
/home/sandro/workspace/sandro/MLCQCodeSmellSamples/scripts/../dataset/spring-data-neo4j_bf5704c5f710656d30e93eae8b89ebedb1b920cc/spring-data-neo4j/src/test/java/org/springframework/data/neo4j/domain/sample/Address.java,org.springframework.data.neo4j.domain.sample.Address,"Address/4[java.lang.String,java.lang.String,java.lang.String,java.lang.String]",streetNo,3
/home/sandro/workspace/sandro/MLCQCodeSmellSamples/scripts/../dataset/spring-data-neo4j_bf5704c5f710656d30e93eae8b89ebedb1b920cc/spring-data-neo4j/src/test/java/org/springframework/data/neo4j/domain/sample/Address.java,org.springframework.data.neo4j.domain.sample.Address,getCountry/0,country,1
/home/sandro/workspace/sandro/MLCQCodeSmellSamples/scripts/../dataset/spring-data-neo4j_bf5704c5f710656d30e93eae8b89ebedb1b920cc/spring-data-neo4j/src/test/java/org/springframework/data/neo4j/conversion/Neo4jOgmEntityInstantiatorAdapterTest.java,org.springframework.data.neo4j.conversion.Neo4jOgmEntityInstantiatorAdapterTest$ListReturningThing,generateListOfNodes/1[boolean],db,1
/home/sandro/workspace/sandro/MLCQCodeSmellSamples/scripts/../dataset/spring-data-neo4j_bf5704c5f710656d30e93eae8b89ebedb1b920cc/spring-data-neo4j/src/main/java/org/springframework/data/neo4j/repository/support/Neo4jRepositoryFactory.java,org.springframework.data.neo4j.repository.support.Neo4jRepositoryFactory,"getQueryLookupStrategy/2[QueryLookupStrategy.Key,org.springframework.data.neo4j.repository.support.QueryMethodEvaluationContextProvider]",session,1
/home/sandro/workspace/sandro/MLCQCodeSmellSamples/scripts/../dataset/spring-data-neo4j_bf5704c5f710656d30e93eae8b89ebedb1b920cc/spring-data-neo4j/src/main/java/org/springframework/data/neo4j/repository/support/Neo4jRepositoryFactory.java,org.springframework.data.neo4j.repository.support.Neo4jRepositoryFactory,"getQueryLookupStrategy/2[QueryLookupStrategy.Key,org.springframework.data.neo4j.repository.support.QueryMethodEvaluationContextProvider]",mappingContext,1
/home/sandro/workspace/sandro/MLCQCodeSmellSamples/scripts/../dataset/spring-data-neo4j_bf5704c5f710656d30e93eae8b89ebedb1b920cc/spring-data-neo4j/src/main/java/org/springframework/data/neo4j/repository/support/Neo4jRepositoryFactory.java,org.springframework.data.neo4j.repository.support.Neo4jRepositoryFactory,getTargetRepository/1[org.springframework.data.neo4j.repository.support.RepositoryInformation],session,1
/home/sandro/workspace/sandro/MLCQCodeSmellSamples/scripts/../dataset/spring-data-neo4j_bf5704c5f710656d30e93eae8b89ebedb1b920cc/spring-data-neo4j/src/main/java/org/springframework/data/neo4j/repository/support/Neo4jRepositoryFactory.java,org.springframework.data.neo4j.repository.support.Neo4jRepositoryFactory,Neo4jRepositoryFactory/1[org.springframework.data.neo4j.repository.support.Session],session,3
/home/sandro/workspace/sandro/MLCQCodeSmellSamples/scripts/../dataset/spring-data-neo4j_bf5704c5f710656d30e93eae8b89ebedb1b920cc/spring-data-neo4j/src/main/java/org/springframework/data/neo4j/repository/support/Neo4jRepositoryFactory.java,org.springframework.data.neo4j.repository.support.Neo4jRepositoryFactory,"Neo4jRepositoryFactory/2[org.springframework.data.neo4j.repository.support.Session,org.springframework.data.neo4j.repository.support.MappingContext<org.springframework.data.neo4j.mapping.Neo4jPersistentEntity<?>,org.springframework.data.neo4j.mapping.Neo4jPersistentProperty>]",session,6
/home/sandro/workspace/sandro/MLCQCodeSmellSamples/scripts/../dataset/spring-data-neo4j_bf5704c5f710656d30e93eae8b89ebedb1b920cc/spring-data-neo4j/src/main/java/org/springframework/data/neo4j/repository/support/Neo4jRepositoryFactory.java,org.springframework.data.neo4j.repository.support.Neo4jRepositoryFactory,"Neo4jRepositoryFactory/2[org.springframework.data.neo4j.repository.support.Session,org.springframework.data.neo4j.repository.support.MappingContext<org.springframework.data.neo4j.mapping.Neo4jPersistentEntity<?>,org.springframework.data.neo4j.mapping.Neo4jPersistentProperty>]",logger,2
/home/sandro/workspace/sandro/MLCQCodeSmellSamples/scripts/../dataset/spring-data-neo4j_bf5704c5f710656d30e93eae8b89ebedb1b920cc/spring-data-neo4j/src/main/java/org/springframework/data/neo4j/repository/support/Neo4jRepositoryFactory.java,org.springframework.data.neo4j.repository.support.Neo4jRepositoryFactory,"Neo4jRepositoryFactory/2[org.springframework.data.neo4j.repository.support.Session,org.springframework.data.neo4j.repository.support.MappingContext<org.springframework.data.neo4j.mapping.Neo4jPersistentEntity<?>,org.springframework.data.neo4j.mapping.Neo4jPersistentProperty>]",mappingContext,7
/home/sandro/workspace/sandro/MLCQCodeSmellSamples/scripts/../dataset/spring-data-neo4j_bf5704c5f710656d30e93eae8b89ebedb1b920cc/spring-data-neo4j/src/main/java/org/springframework/data/neo4j/repository/support/Neo4jRepositoryFactory.java,org.springframework.data.neo4j.repository.support.Neo4jRepositoryFactory,getEntityInformation/1[java.lang.Class<T>],session,1
/home/sandro/workspace/sandro/MLCQCodeSmellSamples/scripts/../dataset/spring-data-neo4j_bf5704c5f710656d30e93eae8b89ebedb1b920cc/spring-data-neo4j/src/test/java/org/springframework/data/neo4j/integration/constructors/domain/PersonWithCompositeAttribute.java,org.springframework.data.neo4j.integration.constructors.domain.PersonWithCompositeAttribute,getLocation/0,location,1
/home/sandro/workspace/sandro/MLCQCodeSmellSamples/scripts/../dataset/spring-data-neo4j_bf5704c5f710656d30e93eae8b89ebedb1b920cc/spring-data-neo4j/src/test/java/org/springframework/data/neo4j/integration/constructors/domain/PersonWithCompositeAttribute.java,org.springframework.data.neo4j.integration.constructors.domain.PersonWithCompositeAttribute,"PersonWithCompositeAttribute/2[java.lang.String,org.springframework.data.neo4j.integration.constructors.domain.Point]",name,4
/home/sandro/workspace/sandro/MLCQCodeSmellSamples/scripts/../dataset/spring-data-neo4j_bf5704c5f710656d30e93eae8b89ebedb1b920cc/spring-data-neo4j/src/test/java/org/springframework/data/neo4j/integration/constructors/domain/PersonWithCompositeAttribute.java,org.springframework.data.neo4j.integration.constructors.domain.PersonWithCompositeAttribute,"PersonWithCompositeAttribute/2[java.lang.String,org.springframework.data.neo4j.integration.constructors.domain.Point]",location,4
/home/sandro/workspace/sandro/MLCQCodeSmellSamples/scripts/../dataset/spring-data-neo4j_bf5704c5f710656d30e93eae8b89ebedb1b920cc/spring-data-neo4j/src/test/java/org/springframework/data/neo4j/integration/constructors/domain/PersonWithCompositeAttribute.java,org.springframework.data.neo4j.integration.constructors.domain.PersonWithCompositeAttribute,getName/0,name,1
/home/sandro/workspace/sandro/MLCQCodeSmellSamples/scripts/../dataset/spring-data-neo4j_bf5704c5f710656d30e93eae8b89ebedb1b920cc/spring-data-neo4j/src/test/java/org/springframework/data/neo4j/transaction/Neo4jTransactionManagerTests.java,org.springframework.data.neo4j.transaction.Neo4jTransactionManagerTests,testTransactionRollback/0,tt,1
/home/sandro/workspace/sandro/MLCQCodeSmellSamples/scripts/../dataset/spring-data-neo4j_bf5704c5f710656d30e93eae8b89ebedb1b920cc/spring-data-neo4j/src/test/java/org/springframework/data/neo4j/transaction/Neo4jTransactionManagerTests.java,org.springframework.data.neo4j.transaction.Neo4jTransactionManagerTests,testTransactionRollback/0,sf,3
/home/sandro/workspace/sandro/MLCQCodeSmellSamples/scripts/../dataset/spring-data-neo4j_bf5704c5f710656d30e93eae8b89ebedb1b920cc/spring-data-neo4j/src/test/java/org/springframework/data/neo4j/transaction/Neo4jTransactionManagerTests.java,org.springframework.data.neo4j.transaction.Neo4jTransactionManagerTests,testTransactionRollback/0,tx,2
/home/sandro/workspace/sandro/MLCQCodeSmellSamples/scripts/../dataset/spring-data-neo4j_bf5704c5f710656d30e93eae8b89ebedb1b920cc/spring-data-neo4j/src/test/java/org/springframework/data/neo4j/transaction/Neo4jTransactionManagerTests.java,org.springframework.data.neo4j.transaction.Neo4jTransactionManagerTests,testTransactionRollback/0,session,1
/home/sandro/workspace/sandro/MLCQCodeSmellSamples/scripts/../dataset/spring-data-neo4j_bf5704c5f710656d30e93eae8b89ebedb1b920cc/spring-data-neo4j/src/test/java/org/springframework/data/neo4j/transaction/Neo4jTransactionManagerTests.java,org.springframework.data.neo4j.transaction.Neo4jTransactionManagerTests,testFailBegin/0,tt,1
/home/sandro/workspace/sandro/MLCQCodeSmellSamples/scripts/../dataset/spring-data-neo4j_bf5704c5f710656d30e93eae8b89ebedb1b920cc/spring-data-neo4j/src/test/java/org/springframework/data/neo4j/transaction/Neo4jTransactionManagerTests.java,org.springframework.data.neo4j.transaction.Neo4jTransactionManagerTests,testFailBegin/0,session,2
/home/sandro/workspace/sandro/MLCQCodeSmellSamples/scripts/../dataset/spring-data-neo4j_bf5704c5f710656d30e93eae8b89ebedb1b920cc/spring-data-neo4j/src/test/java/org/springframework/data/neo4j/transaction/Neo4jTransactionManagerTests.java,org.springframework.data.neo4j.transaction.Neo4jTransactionManagerTests,testTransactionCommit/0,tt,1
/home/sandro/workspace/sandro/MLCQCodeSmellSamples/scripts/../dataset/spring-data-neo4j_bf5704c5f710656d30e93eae8b89ebedb1b920cc/spring-data-neo4j/src/test/java/org/springframework/data/neo4j/transaction/Neo4jTransactionManagerTests.java,org.springframework.data.neo4j.transaction.Neo4jTransactionManagerTests,testTransactionCommit/0,sf,4
/home/sandro/workspace/sandro/MLCQCodeSmellSamples/scripts/../dataset/spring-data-neo4j_bf5704c5f710656d30e93eae8b89ebedb1b920cc/spring-data-neo4j/src/test/java/org/springframework/data/neo4j/transaction/Neo4jTransactionManagerTests.java,org.springframework.data.neo4j.transaction.Neo4jTransactionManagerTests,testTransactionCommit/0,tx,2
/home/sandro/workspace/sandro/MLCQCodeSmellSamples/scripts/../dataset/spring-data-neo4j_bf5704c5f710656d30e93eae8b89ebedb1b920cc/spring-data-neo4j/src/test/java/org/springframework/data/neo4j/transaction/Neo4jTransactionManagerTests.java,org.springframework.data.neo4j.transaction.Neo4jTransactionManagerTests,testTransactionCommit/0,session,1
/home/sandro/workspace/sandro/MLCQCodeSmellSamples/scripts/../dataset/spring-data-neo4j_bf5704c5f710656d30e93eae8b89ebedb1b920cc/spring-data-neo4j/src/test/java/org/springframework/data/neo4j/transaction/Neo4jTransactionManagerTests.java,org.springframework.data.neo4j.transaction.Neo4jTransactionManagerTests,testTransactionRollbackOnly/0,tt,1
/home/sandro/workspace/sandro/MLCQCodeSmellSamples/scripts/../dataset/spring-data-neo4j_bf5704c5f710656d30e93eae8b89ebedb1b920cc/spring-data-neo4j/src/test/java/org/springframework/data/neo4j/transaction/Neo4jTransactionManagerTests.java,org.springframework.data.neo4j.transaction.Neo4jTransactionManagerTests,testTransactionRollbackOnly/0,sf,3
/home/sandro/workspace/sandro/MLCQCodeSmellSamples/scripts/../dataset/spring-data-neo4j_bf5704c5f710656d30e93eae8b89ebedb1b920cc/spring-data-neo4j/src/test/java/org/springframework/data/neo4j/transaction/Neo4jTransactionManagerTests.java,org.springframework.data.neo4j.transaction.Neo4jTransactionManagerTests,testTransactionRollbackOnly/0,tx,2
/home/sandro/workspace/sandro/MLCQCodeSmellSamples/scripts/../dataset/spring-data-neo4j_bf5704c5f710656d30e93eae8b89ebedb1b920cc/spring-data-neo4j/src/test/java/org/springframework/data/neo4j/transaction/Neo4jTransactionManagerTests.java,org.springframework.data.neo4j.transaction.Neo4jTransactionManagerTests,testTransactionRollbackOnly/0,session,1
/home/sandro/workspace/sandro/MLCQCodeSmellSamples/scripts/../dataset/spring-data-neo4j_bf5704c5f710656d30e93eae8b89ebedb1b920cc/spring-data-neo4j/src/test/java/org/springframework/data/neo4j/transaction/Neo4jTransactionManagerTests.java,org.springframework.data.neo4j.transaction.Neo4jTransactionManagerTests,setUp/0,tt,2
/home/sandro/workspace/sandro/MLCQCodeSmellSamples/scripts/../dataset/spring-data-neo4j_bf5704c5f710656d30e93eae8b89ebedb1b920cc/spring-data-neo4j/src/test/java/org/springframework/data/neo4j/transaction/Neo4jTransactionManagerTests.java,org.springframework.data.neo4j.transaction.Neo4jTransactionManagerTests,setUp/0,sf,4
/home/sandro/workspace/sandro/MLCQCodeSmellSamples/scripts/../dataset/spring-data-neo4j_bf5704c5f710656d30e93eae8b89ebedb1b920cc/spring-data-neo4j/src/test/java/org/springframework/data/neo4j/transaction/Neo4jTransactionManagerTests.java,org.springframework.data.neo4j.transaction.Neo4jTransactionManagerTests,setUp/0,tx,2
/home/sandro/workspace/sandro/MLCQCodeSmellSamples/scripts/../dataset/spring-data-neo4j_bf5704c5f710656d30e93eae8b89ebedb1b920cc/spring-data-neo4j/src/test/java/org/springframework/data/neo4j/transaction/Neo4jTransactionManagerTests.java,org.springframework.data.neo4j.transaction.Neo4jTransactionManagerTests,setUp/0,session,3
/home/sandro/workspace/sandro/MLCQCodeSmellSamples/scripts/../dataset/spring-data-neo4j_bf5704c5f710656d30e93eae8b89ebedb1b920cc/spring-data-neo4j/src/test/java/org/springframework/data/neo4j/transaction/Neo4jTransactionManagerTests.java,org.springframework.data.neo4j.transaction.Neo4jTransactionManagerTests,setUp/0,tm,4
/home/sandro/workspace/sandro/MLCQCodeSmellSamples/scripts/../dataset/spring-data-neo4j_bf5704c5f710656d30e93eae8b89ebedb1b920cc/spring-data-neo4j/src/test/java/org/springframework/data/neo4j/transaction/Neo4jTransactionManagerTests.java,org.springframework.data.neo4j.transaction.Neo4jTransactionManagerTests,testParticipatingTransactionWithCommit/0,tt,2
/home/sandro/workspace/sandro/MLCQCodeSmellSamples/scripts/../dataset/spring-data-neo4j_bf5704c5f710656d30e93eae8b89ebedb1b920cc/spring-data-neo4j/src/test/java/org/springframework/data/neo4j/transaction/Neo4jTransactionManagerTests.java,org.springframework.data.neo4j.transaction.Neo4jTransactionManagerTests,testParticipatingTransactionWithCommit/0,tx,2
/home/sandro/workspace/sandro/MLCQCodeSmellSamples/scripts/../dataset/spring-data-neo4j_bf5704c5f710656d30e93eae8b89ebedb1b920cc/spring-data-neo4j/src/test/java/org/springframework/data/neo4j/transaction/Neo4jTransactionManagerTests.java,org.springframework.data.neo4j.transaction.Neo4jTransactionManagerTests,testParticipatingTransactionWithCommit/0,session,1
/home/sandro/workspace/sandro/MLCQCodeSmellSamples/scripts/../dataset/spring-data-neo4j_bf5704c5f710656d30e93eae8b89ebedb1b920cc/spring-data-neo4j/src/test/java/org/springframework/data/neo4j/transaction/Neo4jTransactionManagerTests.java,org.springframework.data.neo4j.transaction.Neo4jTransactionManagerTests,testParticipatingTransactionWithRollbackOnly/0,tt,2
/home/sandro/workspace/sandro/MLCQCodeSmellSamples/scripts/../dataset/spring-data-neo4j_bf5704c5f710656d30e93eae8b89ebedb1b920cc/spring-data-neo4j/src/test/java/org/springframework/data/neo4j/transaction/Neo4jTransactionManagerTests.java,org.springframework.data.neo4j.transaction.Neo4jTransactionManagerTests,testParticipatingTransactionWithRollbackOnly/0,tx,2
/home/sandro/workspace/sandro/MLCQCodeSmellSamples/scripts/../dataset/spring-data-neo4j_bf5704c5f710656d30e93eae8b89ebedb1b920cc/spring-data-neo4j/src/test/java/org/springframework/data/neo4j/transaction/Neo4jTransactionManagerTests.java,org.springframework.data.neo4j.transaction.Neo4jTransactionManagerTests,testParticipatingTransactionWithRollbackOnly/0,session,1
/home/sandro/workspace/sandro/MLCQCodeSmellSamples/scripts/../dataset/spring-data-neo4j_bf5704c5f710656d30e93eae8b89ebedb1b920cc/spring-data-neo4j/src/test/java/org/springframework/data/neo4j/transaction/Neo4jTransactionManagerTests.java,org.springframework.data.neo4j.transaction.Neo4jTransactionManagerTests,testParticipatingTransactionWithRollback/0,tt,2
/home/sandro/workspace/sandro/MLCQCodeSmellSamples/scripts/../dataset/spring-data-neo4j_bf5704c5f710656d30e93eae8b89ebedb1b920cc/spring-data-neo4j/src/test/java/org/springframework/data/neo4j/transaction/Neo4jTransactionManagerTests.java,org.springframework.data.neo4j.transaction.Neo4jTransactionManagerTests,testParticipatingTransactionWithRollback/0,tx,2
/home/sandro/workspace/sandro/MLCQCodeSmellSamples/scripts/../dataset/spring-data-neo4j_bf5704c5f710656d30e93eae8b89ebedb1b920cc/spring-data-neo4j/src/test/java/org/springframework/data/neo4j/transaction/Neo4jTransactionManagerTests.java,org.springframework.data.neo4j.transaction.Neo4jTransactionManagerTests,testParticipatingTransactionWithRollback/0,session,1
/home/sandro/workspace/sandro/MLCQCodeSmellSamples/scripts/../dataset/spring-data-neo4j_bf5704c5f710656d30e93eae8b89ebedb1b920cc/spring-data-neo4j/src/main/java/org/springframework/data/neo4j/bookmark/BookmarkSupport.java,org.springframework.data.neo4j.bookmark.BookmarkSupport,currentBookmarkInfo/0,bookmarkInfoHolder,1
/home/sandro/workspace/sandro/MLCQCodeSmellSamples/scripts/../dataset/spring-data-neo4j_bf5704c5f710656d30e93eae8b89ebedb1b920cc/spring-data-neo4j/src/test/java/org/springframework/data/neo4j/nativetypes/SpatialConversionTests.java,org.springframework.data.neo4j.nativetypes.SpatialConversionTests$ParamHolder,toParameterMap/0,latitude,1
/home/sandro/workspace/sandro/MLCQCodeSmellSamples/scripts/../dataset/spring-data-neo4j_bf5704c5f710656d30e93eae8b89ebedb1b920cc/spring-data-neo4j/src/test/java/org/springframework/data/neo4j/nativetypes/SpatialConversionTests.java,org.springframework.data.neo4j.nativetypes.SpatialConversionTests$ParamHolder,toParameterMap/0,name,1
/home/sandro/workspace/sandro/MLCQCodeSmellSamples/scripts/../dataset/spring-data-neo4j_bf5704c5f710656d30e93eae8b89ebedb1b920cc/spring-data-neo4j/src/test/java/org/springframework/data/neo4j/nativetypes/SpatialConversionTests.java,org.springframework.data.neo4j.nativetypes.SpatialConversionTests$ParamHolder,toParameterMap/0,longitude,1
/home/sandro/workspace/sandro/MLCQCodeSmellSamples/scripts/../dataset/spring-data-neo4j_bf5704c5f710656d30e93eae8b89ebedb1b920cc/spring-data-neo4j/src/test/java/org/springframework/data/neo4j/conversion/support/EntityWithConvertedAttributes.java,org.springframework.data.neo4j.conversion.support.EntityWithConvertedAttributes,EntityWithConvertedAttributes/1[java.lang.String],name,3
/home/sandro/workspace/sandro/MLCQCodeSmellSamples/scripts/../dataset/spring-data-neo4j_bf5704c5f710656d30e93eae8b89ebedb1b920cc/spring-data-neo4j/src/test/java/org/springframework/data/neo4j/conversion/support/EntityWithConvertedAttributes.java,org.springframework.data.neo4j.conversion.support.EntityWithConvertedAttributes,setTheDouble/1[java.lang.Double],theDouble,3
/home/sandro/workspace/sandro/MLCQCodeSmellSamples/scripts/../dataset/spring-data-neo4j_bf5704c5f710656d30e93eae8b89ebedb1b920cc/spring-data-neo4j/src/test/java/org/springframework/data/neo4j/conversion/support/EntityWithConvertedAttributes.java,org.springframework.data.neo4j.conversion.support.EntityWithConvertedAttributes,getId/0,id,1
/home/sandro/workspace/sandro/MLCQCodeSmellSamples/scripts/../dataset/spring-data-neo4j_bf5704c5f710656d30e93eae8b89ebedb1b920cc/spring-data-neo4j/src/test/java/org/springframework/data/neo4j/conversion/support/EntityWithConvertedAttributes.java,org.springframework.data.neo4j.conversion.support.EntityWithConvertedAttributes,setConvertedClass/1[org.springframework.data.neo4j.conversion.support.ConvertedClass],convertedClass,3
/home/sandro/workspace/sandro/MLCQCodeSmellSamples/scripts/../dataset/spring-data-neo4j_bf5704c5f710656d30e93eae8b89ebedb1b920cc/spring-data-neo4j/src/test/java/org/springframework/data/neo4j/conversion/support/EntityWithConvertedAttributes.java,org.springframework.data.neo4j.conversion.support.EntityWithConvertedAttributes,setDoubles/1[java.util.List<java.lang.Double>],doubles,3
/home/sandro/workspace/sandro/MLCQCodeSmellSamples/scripts/../dataset/spring-data-neo4j_bf5704c5f710656d30e93eae8b89ebedb1b920cc/spring-data-neo4j/src/test/java/org/springframework/data/neo4j/conversion/support/EntityWithConvertedAttributes.java,org.springframework.data.neo4j.conversion.support.EntityWithConvertedAttributes,getName/0,name,1
/home/sandro/workspace/sandro/MLCQCodeSmellSamples/scripts/../dataset/spring-data-neo4j_bf5704c5f710656d30e93eae8b89ebedb1b920cc/spring-data-neo4j/src/test/java/org/springframework/data/neo4j/conversion/support/EntityWithConvertedAttributes.java,org.springframework.data.neo4j.conversion.support.EntityWithConvertedAttributes,setName/1[java.lang.String],name,3
/home/sandro/workspace/sandro/MLCQCodeSmellSamples/scripts/../dataset/spring-data-neo4j_bf5704c5f710656d30e93eae8b89ebedb1b920cc/spring-data-neo4j/src/main/java/org/springframework/data/neo4j/repository/query/filter/FilterBuilder.java,org.springframework.data.neo4j.repository.query.filter.FilterBuilder,"forPartAndEntity/3[org.springframework.data.neo4j.repository.query.filter.Part,java.lang.Class<?>,org.springframework.data.neo4j.repository.query.filter.BooleanOperator]",entityType,8
/home/sandro/workspace/sandro/MLCQCodeSmellSamples/scripts/../dataset/spring-data-neo4j_bf5704c5f710656d30e93eae8b89ebedb1b920cc/spring-data-neo4j/src/main/java/org/springframework/data/neo4j/repository/query/filter/FilterBuilder.java,org.springframework.data.neo4j.repository.query.filter.FilterBuilder,"forPartAndEntity/3[org.springframework.data.neo4j.repository.query.filter.Part,java.lang.Class<?>,org.springframework.data.neo4j.repository.query.filter.BooleanOperator]",part,9
/home/sandro/workspace/sandro/MLCQCodeSmellSamples/scripts/../dataset/spring-data-neo4j_bf5704c5f710656d30e93eae8b89ebedb1b920cc/spring-data-neo4j/src/main/java/org/springframework/data/neo4j/repository/query/filter/FilterBuilder.java,org.springframework.data.neo4j.repository.query.filter.FilterBuilder,"forPartAndEntity/3[org.springframework.data.neo4j.repository.query.filter.Part,java.lang.Class<?>,org.springframework.data.neo4j.repository.query.filter.BooleanOperator]",booleanOperator,8
/home/sandro/workspace/sandro/MLCQCodeSmellSamples/scripts/../dataset/spring-data-neo4j_bf5704c5f710656d30e93eae8b89ebedb1b920cc/spring-data-neo4j/src/main/java/org/springframework/data/neo4j/repository/query/filter/FilterBuilder.java,org.springframework.data.neo4j.repository.query.filter.FilterBuilder,isNegated/0,part,1
/home/sandro/workspace/sandro/MLCQCodeSmellSamples/scripts/../dataset/spring-data-neo4j_bf5704c5f710656d30e93eae8b89ebedb1b920cc/spring-data-neo4j/src/main/java/org/springframework/data/neo4j/repository/query/filter/FilterBuilder.java,org.springframework.data.neo4j.repository.query.filter.FilterBuilder,"FilterBuilder/3[org.springframework.data.neo4j.repository.query.filter.Part,org.springframework.data.neo4j.repository.query.filter.BooleanOperator,java.lang.Class<?>]",entityType,3
/home/sandro/workspace/sandro/MLCQCodeSmellSamples/scripts/../dataset/spring-data-neo4j_bf5704c5f710656d30e93eae8b89ebedb1b920cc/spring-data-neo4j/src/main/java/org/springframework/data/neo4j/repository/query/filter/FilterBuilder.java,org.springframework.data.neo4j.repository.query.filter.FilterBuilder,"FilterBuilder/3[org.springframework.data.neo4j.repository.query.filter.Part,org.springframework.data.neo4j.repository.query.filter.BooleanOperator,java.lang.Class<?>]",part,3
/home/sandro/workspace/sandro/MLCQCodeSmellSamples/scripts/../dataset/spring-data-neo4j_bf5704c5f710656d30e93eae8b89ebedb1b920cc/spring-data-neo4j/src/main/java/org/springframework/data/neo4j/repository/query/filter/FilterBuilder.java,org.springframework.data.neo4j.repository.query.filter.FilterBuilder,"FilterBuilder/3[org.springframework.data.neo4j.repository.query.filter.Part,org.springframework.data.neo4j.repository.query.filter.BooleanOperator,java.lang.Class<?>]",booleanOperator,3
/home/sandro/workspace/sandro/MLCQCodeSmellSamples/scripts/../dataset/spring-data-neo4j_bf5704c5f710656d30e93eae8b89ebedb1b920cc/spring-data-neo4j/src/main/java/org/springframework/data/neo4j/repository/query/filter/FilterBuilder.java,org.springframework.data.neo4j.repository.query.filter.FilterBuilder,"resolveMatchingContainsFilterBuilder/3[org.springframework.data.neo4j.repository.query.filter.Part,java.lang.Class<?>,org.springframework.data.neo4j.repository.query.filter.BooleanOperator]",entityType,3
/home/sandro/workspace/sandro/MLCQCodeSmellSamples/scripts/../dataset/spring-data-neo4j_bf5704c5f710656d30e93eae8b89ebedb1b920cc/spring-data-neo4j/src/main/java/org/springframework/data/neo4j/repository/query/filter/FilterBuilder.java,org.springframework.data.neo4j.repository.query.filter.FilterBuilder,"resolveMatchingContainsFilterBuilder/3[org.springframework.data.neo4j.repository.query.filter.Part,java.lang.Class<?>,org.springframework.data.neo4j.repository.query.filter.BooleanOperator]",part,4
/home/sandro/workspace/sandro/MLCQCodeSmellSamples/scripts/../dataset/spring-data-neo4j_bf5704c5f710656d30e93eae8b89ebedb1b920cc/spring-data-neo4j/src/main/java/org/springframework/data/neo4j/repository/query/filter/FilterBuilder.java,org.springframework.data.neo4j.repository.query.filter.FilterBuilder,"resolveMatchingContainsFilterBuilder/3[org.springframework.data.neo4j.repository.query.filter.Part,java.lang.Class<?>,org.springframework.data.neo4j.repository.query.filter.BooleanOperator]",booleanOperator,3
/home/sandro/workspace/sandro/MLCQCodeSmellSamples/scripts/../dataset/spring-data-neo4j_bf5704c5f710656d30e93eae8b89ebedb1b920cc/spring-data-neo4j/src/main/java/org/springframework/data/neo4j/repository/query/filter/FilterBuilder.java,org.springframework.data.neo4j.repository.query.filter.FilterBuilder,"setNestedAttributes/2[org.springframework.data.neo4j.repository.query.filter.Part,org.springframework.data.neo4j.repository.query.filter.Filter]",part,2
/home/sandro/workspace/sandro/MLCQCodeSmellSamples/scripts/../dataset/spring-data-neo4j_bf5704c5f710656d30e93eae8b89ebedb1b920cc/spring-data-neo4j/src/main/java/org/springframework/data/neo4j/repository/query/filter/FilterBuilder.java,org.springframework.data.neo4j.repository.query.filter.FilterBuilder,propertyName/0,part,1
/home/sandro/workspace/sandro/MLCQCodeSmellSamples/scripts/../dataset/spring-data-neo4j_bf5704c5f710656d30e93eae8b89ebedb1b920cc/spring-data-neo4j/src/test/java/org/springframework/data/neo4j/examples/movies/domain/queryresult/UserQueryResult.java,org.springframework.data.neo4j.examples.movies.domain.queryresult.UserQueryResult,getId/0,id,1
/home/sandro/workspace/sandro/MLCQCodeSmellSamples/scripts/../dataset/spring-data-neo4j_bf5704c5f710656d30e93eae8b89ebedb1b920cc/spring-data-neo4j/src/test/java/org/springframework/data/neo4j/examples/movies/domain/queryresult/UserQueryResult.java,org.springframework.data.neo4j.examples.movies.domain.queryresult.UserQueryResult,"UserQueryResult/2[java.lang.String,int]",userName,1
/home/sandro/workspace/sandro/MLCQCodeSmellSamples/scripts/../dataset/spring-data-neo4j_bf5704c5f710656d30e93eae8b89ebedb1b920cc/spring-data-neo4j/src/test/java/org/springframework/data/neo4j/examples/movies/domain/queryresult/UserQueryResult.java,org.springframework.data.neo4j.examples.movies.domain.queryresult.UserQueryResult,"UserQueryResult/2[java.lang.String,int]",age,3
/home/sandro/workspace/sandro/MLCQCodeSmellSamples/scripts/../dataset/spring-data-neo4j_bf5704c5f710656d30e93eae8b89ebedb1b920cc/spring-data-neo4j/src/test/java/org/springframework/data/neo4j/examples/movies/domain/queryresult/UserQueryResult.java,org.springframework.data.neo4j.examples.movies.domain.queryresult.UserQueryResult,equals/1[java.lang.Object],userName,2
/home/sandro/workspace/sandro/MLCQCodeSmellSamples/scripts/../dataset/spring-data-neo4j_bf5704c5f710656d30e93eae8b89ebedb1b920cc/spring-data-neo4j/src/test/java/org/springframework/data/neo4j/examples/movies/domain/queryresult/UserQueryResult.java,org.springframework.data.neo4j.examples.movies.domain.queryresult.UserQueryResult,equals/1[java.lang.Object],age,1
/home/sandro/workspace/sandro/MLCQCodeSmellSamples/scripts/../dataset/spring-data-neo4j_bf5704c5f710656d30e93eae8b89ebedb1b920cc/spring-data-neo4j/src/test/java/org/springframework/data/neo4j/examples/movies/domain/queryresult/UserQueryResult.java,org.springframework.data.neo4j.examples.movies.domain.queryresult.UserQueryResult,setId/1[java.lang.Long],id,3
/home/sandro/workspace/sandro/MLCQCodeSmellSamples/scripts/../dataset/spring-data-neo4j_bf5704c5f710656d30e93eae8b89ebedb1b920cc/spring-data-neo4j/src/test/java/org/springframework/data/neo4j/examples/movies/domain/queryresult/UserQueryResult.java,org.springframework.data.neo4j.examples.movies.domain.queryresult.UserQueryResult,getUserId/0,userId,1
/home/sandro/workspace/sandro/MLCQCodeSmellSamples/scripts/../dataset/spring-data-neo4j_bf5704c5f710656d30e93eae8b89ebedb1b920cc/spring-data-neo4j/src/test/java/org/springframework/data/neo4j/examples/movies/domain/queryresult/UserQueryResult.java,org.springframework.data.neo4j.examples.movies.domain.queryresult.UserQueryResult,hashCode/0,userName,2
/home/sandro/workspace/sandro/MLCQCodeSmellSamples/scripts/../dataset/spring-data-neo4j_bf5704c5f710656d30e93eae8b89ebedb1b920cc/spring-data-neo4j/src/test/java/org/springframework/data/neo4j/examples/movies/domain/queryresult/UserQueryResult.java,org.springframework.data.neo4j.examples.movies.domain.queryresult.UserQueryResult,hashCode/0,age,1
/home/sandro/workspace/sandro/MLCQCodeSmellSamples/scripts/../dataset/spring-data-neo4j_bf5704c5f710656d30e93eae8b89ebedb1b920cc/spring-data-neo4j/src/test/java/org/springframework/data/neo4j/examples/movies/domain/queryresult/UserQueryResult.java,org.springframework.data.neo4j.examples.movies.domain.queryresult.UserQueryResult,toString/0,id,1
/home/sandro/workspace/sandro/MLCQCodeSmellSamples/scripts/../dataset/spring-data-neo4j_bf5704c5f710656d30e93eae8b89ebedb1b920cc/spring-data-neo4j/src/test/java/org/springframework/data/neo4j/examples/movies/domain/queryresult/UserQueryResult.java,org.springframework.data.neo4j.examples.movies.domain.queryresult.UserQueryResult,toString/0,userName,1
/home/sandro/workspace/sandro/MLCQCodeSmellSamples/scripts/../dataset/spring-data-neo4j_bf5704c5f710656d30e93eae8b89ebedb1b920cc/spring-data-neo4j/src/test/java/org/springframework/data/neo4j/examples/movies/domain/queryresult/UserQueryResult.java,org.springframework.data.neo4j.examples.movies.domain.queryresult.UserQueryResult,toString/0,userId,1
/home/sandro/workspace/sandro/MLCQCodeSmellSamples/scripts/../dataset/spring-data-neo4j_bf5704c5f710656d30e93eae8b89ebedb1b920cc/spring-data-neo4j/src/test/java/org/springframework/data/neo4j/examples/movies/domain/queryresult/UserQueryResult.java,org.springframework.data.neo4j.examples.movies.domain.queryresult.UserQueryResult,toString/0,age,1
/home/sandro/workspace/sandro/MLCQCodeSmellSamples/scripts/../dataset/spring-data-neo4j_bf5704c5f710656d30e93eae8b89ebedb1b920cc/spring-data-neo4j/src/test/java/org/springframework/data/neo4j/integration/constructors/domain/PersonWithAnnotatedPersistenceConstructor.java,org.springframework.data.neo4j.integration.constructors.domain.PersonWithAnnotatedPersistenceConstructor,PersonWithAnnotatedPersistenceConstructor/1[java.lang.String],lastName,3
/home/sandro/workspace/sandro/MLCQCodeSmellSamples/scripts/../dataset/spring-data-neo4j_bf5704c5f710656d30e93eae8b89ebedb1b920cc/spring-data-neo4j/src/test/java/org/springframework/data/neo4j/integration/constructors/domain/PersonWithAnnotatedPersistenceConstructor.java,org.springframework.data.neo4j.integration.constructors.domain.PersonWithAnnotatedPersistenceConstructor,getFirstName/0,firstName,1
/home/sandro/workspace/sandro/MLCQCodeSmellSamples/scripts/../dataset/spring-data-neo4j_bf5704c5f710656d30e93eae8b89ebedb1b920cc/spring-data-neo4j/src/test/java/org/springframework/data/neo4j/integration/constructors/domain/PersonWithAnnotatedPersistenceConstructor.java,org.springframework.data.neo4j.integration.constructors.domain.PersonWithAnnotatedPersistenceConstructor,"PersonWithAnnotatedPersistenceConstructor/2[java.lang.String,java.lang.String]",firstName,4
/home/sandro/workspace/sandro/MLCQCodeSmellSamples/scripts/../dataset/spring-data-neo4j_bf5704c5f710656d30e93eae8b89ebedb1b920cc/spring-data-neo4j/src/test/java/org/springframework/data/neo4j/integration/constructors/domain/PersonWithAnnotatedPersistenceConstructor.java,org.springframework.data.neo4j.integration.constructors.domain.PersonWithAnnotatedPersistenceConstructor,"PersonWithAnnotatedPersistenceConstructor/2[java.lang.String,java.lang.String]",lastName,4
/home/sandro/workspace/sandro/MLCQCodeSmellSamples/scripts/../dataset/spring-data-neo4j_bf5704c5f710656d30e93eae8b89ebedb1b920cc/spring-data-neo4j/src/test/java/org/springframework/data/neo4j/integration/constructors/domain/PersonWithAnnotatedPersistenceConstructor.java,org.springframework.data.neo4j.integration.constructors.domain.PersonWithAnnotatedPersistenceConstructor,getLastName/0,lastName,1
/home/sandro/workspace/sandro/MLCQCodeSmellSamples/scripts/../dataset/spring-data-neo4j_bf5704c5f710656d30e93eae8b89ebedb1b920cc/spring-data-neo4j/src/main/java/org/springframework/data/neo4j/repository/query/FilterBuildersDefinition.java,org.springframework.data.neo4j.repository.query.FilterBuildersDefinition,or/1[org.springframework.data.neo4j.repository.query.Part],filterBuilders,1
/home/sandro/workspace/sandro/MLCQCodeSmellSamples/scripts/../dataset/spring-data-neo4j_bf5704c5f710656d30e93eae8b89ebedb1b920cc/spring-data-neo4j/src/main/java/org/springframework/data/neo4j/repository/query/FilterBuildersDefinition.java,org.springframework.data.neo4j.repository.query.FilterBuildersDefinition,or/1[org.springframework.data.neo4j.repository.query.Part],entityType,1
/home/sandro/workspace/sandro/MLCQCodeSmellSamples/scripts/../dataset/spring-data-neo4j_bf5704c5f710656d30e93eae8b89ebedb1b920cc/spring-data-neo4j/src/main/java/org/springframework/data/neo4j/repository/query/FilterBuildersDefinition.java,org.springframework.data.neo4j.repository.query.FilterBuildersDefinition,buildTemplatedQuery/0,filterBuilders,1
/home/sandro/workspace/sandro/MLCQCodeSmellSamples/scripts/../dataset/spring-data-neo4j_bf5704c5f710656d30e93eae8b89ebedb1b920cc/spring-data-neo4j/src/main/java/org/springframework/data/neo4j/repository/query/FilterBuildersDefinition.java,org.springframework.data.neo4j.repository.query.FilterBuildersDefinition,getBasePart/0,basePart,1
/home/sandro/workspace/sandro/MLCQCodeSmellSamples/scripts/../dataset/spring-data-neo4j_bf5704c5f710656d30e93eae8b89ebedb1b920cc/spring-data-neo4j/src/main/java/org/springframework/data/neo4j/repository/query/FilterBuildersDefinition.java,org.springframework.data.neo4j.repository.query.FilterBuildersDefinition,and/1[org.springframework.data.neo4j.repository.query.Part],filterBuilders,1
/home/sandro/workspace/sandro/MLCQCodeSmellSamples/scripts/../dataset/spring-data-neo4j_bf5704c5f710656d30e93eae8b89ebedb1b920cc/spring-data-neo4j/src/main/java/org/springframework/data/neo4j/repository/query/FilterBuildersDefinition.java,org.springframework.data.neo4j.repository.query.FilterBuildersDefinition,and/1[org.springframework.data.neo4j.repository.query.Part],entityType,1
/home/sandro/workspace/sandro/MLCQCodeSmellSamples/scripts/../dataset/spring-data-neo4j_bf5704c5f710656d30e93eae8b89ebedb1b920cc/spring-data-neo4j/src/main/java/org/springframework/data/neo4j/repository/query/FilterBuildersDefinition.java,org.springframework.data.neo4j.repository.query.FilterBuildersDefinition,"FilterBuildersDefinition/2[java.lang.Class<?>,org.springframework.data.neo4j.repository.query.Part]",entityType,4
/home/sandro/workspace/sandro/MLCQCodeSmellSamples/scripts/../dataset/spring-data-neo4j_bf5704c5f710656d30e93eae8b89ebedb1b920cc/spring-data-neo4j/src/main/java/org/springframework/data/neo4j/repository/query/FilterBuildersDefinition.java,org.springframework.data.neo4j.repository.query.FilterBuildersDefinition,"FilterBuildersDefinition/2[java.lang.Class<?>,org.springframework.data.neo4j.repository.query.Part]",basePart,4
/home/sandro/workspace/sandro/MLCQCodeSmellSamples/scripts/../dataset/spring-data-neo4j_bf5704c5f710656d30e93eae8b89ebedb1b920cc/spring-data-neo4j/src/main/java/org/springframework/data/neo4j/repository/query/FilterBuildersDefinition.java,org.springframework.data.neo4j.repository.query.FilterBuildersDefinition,"FilterBuildersDefinition/2[java.lang.Class<?>,org.springframework.data.neo4j.repository.query.Part]",filterBuilders,2
/home/sandro/workspace/sandro/MLCQCodeSmellSamples/scripts/../dataset/spring-data-neo4j_bf5704c5f710656d30e93eae8b89ebedb1b920cc/spring-data-neo4j/src/main/java/org/springframework/data/neo4j/repository/query/FilterBuildersDefinition.java,org.springframework.data.neo4j.repository.query.FilterBuildersDefinition,forType/1[java.lang.Class<?>],entityType,2
/home/sandro/workspace/sandro/MLCQCodeSmellSamples/scripts/../dataset/spring-data-neo4j_bf5704c5f710656d30e93eae8b89ebedb1b920cc/spring-data-neo4j/src/test/java/org/springframework/data/neo4j/examples/jsr303/domain/Adult.java,org.springframework.data.neo4j.examples.jsr303.domain.Adult,"Adult/2[java.lang.String,java.lang.Integer]",votingAge,1
/home/sandro/workspace/sandro/MLCQCodeSmellSamples/scripts/../dataset/spring-data-neo4j_bf5704c5f710656d30e93eae8b89ebedb1b920cc/spring-data-neo4j/src/test/java/org/springframework/data/neo4j/examples/jsr303/domain/Adult.java,org.springframework.data.neo4j.examples.jsr303.domain.Adult,"Adult/2[java.lang.String,java.lang.Integer]",name,3
/home/sandro/workspace/sandro/MLCQCodeSmellSamples/scripts/../dataset/spring-data-neo4j_bf5704c5f710656d30e93eae8b89ebedb1b920cc/spring-data-neo4j/src/test/java/org/springframework/data/neo4j/examples/jsr303/domain/Adult.java,org.springframework.data.neo4j.examples.jsr303.domain.Adult,"Adult/2[java.lang.String,java.lang.Integer]",age,3
/home/sandro/workspace/sandro/MLCQCodeSmellSamples/scripts/../dataset/spring-data-neo4j_bf5704c5f710656d30e93eae8b89ebedb1b920cc/spring-data-neo4j/src/test/java/org/springframework/data/neo4j/examples/jsr303/domain/Adult.java,org.springframework.data.neo4j.examples.jsr303.domain.Adult,getAge/0,age,1
/home/sandro/workspace/sandro/MLCQCodeSmellSamples/scripts/../dataset/spring-data-neo4j_bf5704c5f710656d30e93eae8b89ebedb1b920cc/spring-data-neo4j/src/test/java/org/springframework/data/neo4j/examples/jsr303/domain/Adult.java,org.springframework.data.neo4j.examples.jsr303.domain.Adult,setVotingAge/1[boolean],votingAge,3
/home/sandro/workspace/sandro/MLCQCodeSmellSamples/scripts/../dataset/spring-data-neo4j_bf5704c5f710656d30e93eae8b89ebedb1b920cc/spring-data-neo4j/src/test/java/org/springframework/data/neo4j/examples/jsr303/domain/Adult.java,org.springframework.data.neo4j.examples.jsr303.domain.Adult,setAge/1[java.lang.Integer],age,3
/home/sandro/workspace/sandro/MLCQCodeSmellSamples/scripts/../dataset/spring-data-neo4j_bf5704c5f710656d30e93eae8b89ebedb1b920cc/spring-data-neo4j/src/test/java/org/springframework/data/neo4j/examples/jsr303/domain/Adult.java,org.springframework.data.neo4j.examples.jsr303.domain.Adult,getName/0,name,1
/home/sandro/workspace/sandro/MLCQCodeSmellSamples/scripts/../dataset/spring-data-neo4j_bf5704c5f710656d30e93eae8b89ebedb1b920cc/spring-data-neo4j/src/test/java/org/springframework/data/neo4j/examples/jsr303/domain/Adult.java,org.springframework.data.neo4j.examples.jsr303.domain.Adult,setName/1[java.lang.String],name,3
/home/sandro/workspace/sandro/MLCQCodeSmellSamples/scripts/../dataset/spring-data-neo4j_bf5704c5f710656d30e93eae8b89ebedb1b920cc/spring-data-neo4j/src/test/java/org/springframework/data/neo4j/examples/jsr303/domain/Adult.java,org.springframework.data.neo4j.examples.jsr303.domain.Adult,isVotingAge/0,votingAge,1
/home/sandro/workspace/sandro/MLCQCodeSmellSamples/scripts/../dataset/spring-data-neo4j_bf5704c5f710656d30e93eae8b89ebedb1b920cc/spring-data-neo4j/src/test/java/org/springframework/data/neo4j/repository/support/Neo4jPersistenceExceptionTranslatorIntegrationTests.java,org.springframework.data.neo4j.repository.support.Neo4jPersistenceExceptionTranslatorIntegrationTests,invalidPropertyFieldExceptionShouldBeTranslated/0,repository,1
/home/sandro/workspace/sandro/MLCQCodeSmellSamples/scripts/../dataset/spring-data-neo4j_bf5704c5f710656d30e93eae8b89ebedb1b920cc/spring-data-neo4j/src/test/java/org/springframework/data/neo4j/repository/support/Neo4jPersistenceExceptionTranslatorIntegrationTests.java,org.springframework.data.neo4j.repository.support.Neo4jPersistenceExceptionTranslatorIntegrationTests,invalidPropertyFieldExceptionShouldBeTranslated/0,expectedException,3
/home/sandro/workspace/sandro/MLCQCodeSmellSamples/scripts/../dataset/spring-data-neo4j_bf5704c5f710656d30e93eae8b89ebedb1b920cc/spring-data-neo4j/src/test/java/org/springframework/data/neo4j/transaction/BookmarkTransactionTests.java,org.springframework.data.neo4j.transaction.BookmarkTransactionTests,operationsShouldStoreBookmarkAndUseBookmarkShouldReuseBookmark/0,bookmarkManager,1
/home/sandro/workspace/sandro/MLCQCodeSmellSamples/scripts/../dataset/spring-data-neo4j_bf5704c5f710656d30e93eae8b89ebedb1b920cc/spring-data-neo4j/src/test/java/org/springframework/data/neo4j/transaction/BookmarkTransactionTests.java,org.springframework.data.neo4j.transaction.BookmarkTransactionTests,operationsShouldStoreBookmarkAndUseBookmarkShouldReuseBookmark/0,nativeDriver,1
/home/sandro/workspace/sandro/MLCQCodeSmellSamples/scripts/../dataset/spring-data-neo4j_bf5704c5f710656d30e93eae8b89ebedb1b920cc/spring-data-neo4j/src/test/java/org/springframework/data/neo4j/transaction/BookmarkTransactionTests.java,org.springframework.data.neo4j.transaction.BookmarkTransactionTests,operationsShouldStoreBookmarkAndUseBookmarkShouldReuseBookmark/0,userService,2
/home/sandro/workspace/sandro/MLCQCodeSmellSamples/scripts/../dataset/spring-data-neo4j_bf5704c5f710656d30e93eae8b89ebedb1b920cc/spring-data-neo4j/src/test/java/org/springframework/data/neo4j/transaction/BookmarkTransactionTests.java,org.springframework.data.neo4j.transaction.BookmarkTransactionTests,operationsShouldReplaceOlderBookmarks/0,bookmarkManager,3
/home/sandro/workspace/sandro/MLCQCodeSmellSamples/scripts/../dataset/spring-data-neo4j_bf5704c5f710656d30e93eae8b89ebedb1b920cc/spring-data-neo4j/src/test/java/org/springframework/data/neo4j/transaction/BookmarkTransactionTests.java,org.springframework.data.neo4j.transaction.BookmarkTransactionTests,operationsShouldReplaceOlderBookmarks/0,userService,3
/home/sandro/workspace/sandro/MLCQCodeSmellSamples/scripts/../dataset/spring-data-neo4j_bf5704c5f710656d30e93eae8b89ebedb1b920cc/spring-data-neo4j/src/test/java/org/springframework/data/neo4j/integration/constructors/domain/PersonWithFinalName.java,org.springframework.data.neo4j.integration.constructors.domain.PersonWithFinalName,PersonWithFinalName/1[java.lang.String],name,3
/home/sandro/workspace/sandro/MLCQCodeSmellSamples/scripts/../dataset/spring-data-neo4j_bf5704c5f710656d30e93eae8b89ebedb1b920cc/spring-data-neo4j/src/test/java/org/springframework/data/neo4j/integration/constructors/domain/PersonWithFinalName.java,org.springframework.data.neo4j.integration.constructors.domain.PersonWithFinalName,hashCode/0,name,1
/home/sandro/workspace/sandro/MLCQCodeSmellSamples/scripts/../dataset/spring-data-neo4j_bf5704c5f710656d30e93eae8b89ebedb1b920cc/spring-data-neo4j/src/test/java/org/springframework/data/neo4j/integration/constructors/domain/PersonWithFinalName.java,org.springframework.data.neo4j.integration.constructors.domain.PersonWithFinalName,getName/0,name,1
/home/sandro/workspace/sandro/MLCQCodeSmellSamples/scripts/../dataset/spring-data-neo4j_bf5704c5f710656d30e93eae8b89ebedb1b920cc/spring-data-neo4j/src/test/java/org/springframework/data/neo4j/integration/constructors/domain/PersonWithFinalName.java,org.springframework.data.neo4j.integration.constructors.domain.PersonWithFinalName,equals/1[java.lang.Object],name,1
/home/sandro/workspace/sandro/MLCQCodeSmellSamples/scripts/../dataset/spring-data-neo4j_bf5704c5f710656d30e93eae8b89ebedb1b920cc/spring-data-neo4j/src/test/java/org/springframework/data/neo4j/repository/config/Neo4jRepositoriesRegistrarTests.java,org.springframework.data.neo4j.repository.config.Neo4jRepositoriesRegistrarTests,configuresRepositoriesCorrectly/0,registry,2
/home/sandro/workspace/sandro/MLCQCodeSmellSamples/scripts/../dataset/spring-data-neo4j_bf5704c5f710656d30e93eae8b89ebedb1b920cc/spring-data-neo4j/src/test/java/org/springframework/data/neo4j/repository/config/Neo4jRepositoriesRegistrarTests.java,org.springframework.data.neo4j.repository.config.Neo4jRepositoriesRegistrarTests,configuresRepositoriesCorrectly/0,metadata,1
/home/sandro/workspace/sandro/MLCQCodeSmellSamples/scripts/../dataset/spring-data-neo4j_bf5704c5f710656d30e93eae8b89ebedb1b920cc/spring-data-neo4j/src/test/java/org/springframework/data/neo4j/repository/config/Neo4jRepositoriesRegistrarTests.java,org.springframework.data.neo4j.repository.config.Neo4jRepositoriesRegistrarTests,setUp/0,registry,1
/home/sandro/workspace/sandro/MLCQCodeSmellSamples/scripts/../dataset/spring-data-neo4j_bf5704c5f710656d30e93eae8b89ebedb1b920cc/spring-data-neo4j/src/test/java/org/springframework/data/neo4j/repository/config/Neo4jRepositoriesRegistrarTests.java,org.springframework.data.neo4j.repository.config.Neo4jRepositoriesRegistrarTests,setUp/0,metadata,1
/home/sandro/workspace/sandro/MLCQCodeSmellSamples/scripts/../dataset/spring-data-neo4j_bf5704c5f710656d30e93eae8b89ebedb1b920cc/spring-data-neo4j/src/main/java/org/springframework/data/neo4j/conversion/MetaDataDrivenConversionService.java,org.springframework.data.neo4j.conversion.MetaDataDrivenConversionService,addWrappedConverter/1[org.springframework.data.neo4j.conversion.AttributeConverter],logger,1
/home/sandro/workspace/sandro/MLCQCodeSmellSamples/scripts/../dataset/spring-data-neo4j_bf5704c5f710656d30e93eae8b89ebedb1b920cc/spring-data-neo4j/src/test/java/org/springframework/data/neo4j/examples/movies/domain/Movie.java,org.springframework.data.neo4j.examples.movies.domain.Movie,getTags/0,tags,1
/home/sandro/workspace/sandro/MLCQCodeSmellSamples/scripts/../dataset/spring-data-neo4j_bf5704c5f710656d30e93eae8b89ebedb1b920cc/spring-data-neo4j/src/test/java/org/springframework/data/neo4j/examples/movies/domain/Movie.java,org.springframework.data.neo4j.examples.movies.domain.Movie,setTags/1[java.lang.String[]],tags,3
/home/sandro/workspace/sandro/MLCQCodeSmellSamples/scripts/../dataset/spring-data-neo4j_bf5704c5f710656d30e93eae8b89ebedb1b920cc/spring-data-neo4j/src/test/java/org/springframework/data/neo4j/examples/movies/domain/Movie.java,org.springframework.data.neo4j.examples.movies.domain.Movie,setImage/1[byte[]],image,3
/home/sandro/workspace/sandro/MLCQCodeSmellSamples/scripts/../dataset/spring-data-neo4j_bf5704c5f710656d30e93eae8b89ebedb1b920cc/spring-data-neo4j/src/test/java/org/springframework/data/neo4j/examples/movies/domain/Movie.java,org.springframework.data.neo4j.examples.movies.domain.Movie,Movie/1[java.lang.String],name,3
/home/sandro/workspace/sandro/MLCQCodeSmellSamples/scripts/../dataset/spring-data-neo4j_bf5704c5f710656d30e93eae8b89ebedb1b920cc/spring-data-neo4j/src/test/java/org/springframework/data/neo4j/examples/movies/domain/Movie.java,org.springframework.data.neo4j.examples.movies.domain.Movie,getImage/0,image,1
/home/sandro/workspace/sandro/MLCQCodeSmellSamples/scripts/../dataset/spring-data-neo4j_bf5704c5f710656d30e93eae8b89ebedb1b920cc/spring-data-neo4j/src/test/java/org/springframework/data/neo4j/examples/movies/domain/Movie.java,org.springframework.data.neo4j.examples.movies.domain.Movie,getName/0,name,1
/home/sandro/workspace/sandro/MLCQCodeSmellSamples/scripts/../dataset/spring-data-neo4j_bf5704c5f710656d30e93eae8b89ebedb1b920cc/spring-data-neo4j/src/main/java/org/springframework/data/neo4j/repository/query/QueryResultInstantiator.java,org.springframework.data.neo4j.repository.query.QueryResultInstantiator,"createInstance/2[java.lang.Class<T>,java.util.Map<java.lang.String,java.lang.Object>]",delegate,1
/home/sandro/workspace/sandro/MLCQCodeSmellSamples/scripts/../dataset/spring-data-neo4j_bf5704c5f710656d30e93eae8b89ebedb1b920cc/spring-data-neo4j/src/main/java/org/springframework/data/neo4j/repository/query/QueryResultInstantiator.java,org.springframework.data.neo4j.repository.query.QueryResultInstantiator,"QueryResultInstantiator/2[org.springframework.data.neo4j.repository.query.MetaData,org.springframework.data.neo4j.repository.query.MappingContext<org.springframework.data.neo4j.mapping.Neo4jPersistentEntity<?>,org.springframework.data.neo4j.mapping.Neo4jPersistentProperty>]",delegate,1
/home/sandro/workspace/sandro/MLCQCodeSmellSamples/scripts/../dataset/spring-data-neo4j_bf5704c5f710656d30e93eae8b89ebedb1b920cc/spring-data-neo4j/src/test/java/org/springframework/data/neo4j/transaction/TransactionalEventListenerTests.java,org.springframework.data.neo4j.transaction.TransactionalEventListenerTests$CallCountingTransactionManager,doRollback/1[org.springframework.data.neo4j.transaction.DefaultTransactionStatus],rollbacks,1
/home/sandro/workspace/sandro/MLCQCodeSmellSamples/scripts/../dataset/spring-data-neo4j_bf5704c5f710656d30e93eae8b89ebedb1b920cc/spring-data-neo4j/src/test/java/org/springframework/data/neo4j/transaction/TransactionalEventListenerTests.java,org.springframework.data.neo4j.transaction.TransactionalEventListenerTests$CallCountingTransactionManager,doRollback/1[org.springframework.data.neo4j.transaction.DefaultTransactionStatus],inflight,1
/home/sandro/workspace/sandro/MLCQCodeSmellSamples/scripts/../dataset/spring-data-neo4j_bf5704c5f710656d30e93eae8b89ebedb1b920cc/spring-data-neo4j/src/test/java/org/springframework/data/neo4j/transaction/TransactionalEventListenerTests.java,org.springframework.data.neo4j.transaction.TransactionalEventListenerTests$CallCountingTransactionManager,"doBegin/2[java.lang.Object,org.springframework.data.neo4j.transaction.TransactionDefinition]",lastDefinition,1
/home/sandro/workspace/sandro/MLCQCodeSmellSamples/scripts/../dataset/spring-data-neo4j_bf5704c5f710656d30e93eae8b89ebedb1b920cc/spring-data-neo4j/src/test/java/org/springframework/data/neo4j/transaction/TransactionalEventListenerTests.java,org.springframework.data.neo4j.transaction.TransactionalEventListenerTests$CallCountingTransactionManager,"doBegin/2[java.lang.Object,org.springframework.data.neo4j.transaction.TransactionDefinition]",begun,1
/home/sandro/workspace/sandro/MLCQCodeSmellSamples/scripts/../dataset/spring-data-neo4j_bf5704c5f710656d30e93eae8b89ebedb1b920cc/spring-data-neo4j/src/test/java/org/springframework/data/neo4j/transaction/TransactionalEventListenerTests.java,org.springframework.data.neo4j.transaction.TransactionalEventListenerTests$CallCountingTransactionManager,"doBegin/2[java.lang.Object,org.springframework.data.neo4j.transaction.TransactionDefinition]",inflight,1
/home/sandro/workspace/sandro/MLCQCodeSmellSamples/scripts/../dataset/spring-data-neo4j_bf5704c5f710656d30e93eae8b89ebedb1b920cc/spring-data-neo4j/src/test/java/org/springframework/data/neo4j/transaction/TransactionalEventListenerTests.java,org.springframework.data.neo4j.transaction.TransactionalEventListenerTests$CallCountingTransactionManager,clear/0,rollbacks,1
/home/sandro/workspace/sandro/MLCQCodeSmellSamples/scripts/../dataset/spring-data-neo4j_bf5704c5f710656d30e93eae8b89ebedb1b920cc/spring-data-neo4j/src/test/java/org/springframework/data/neo4j/transaction/TransactionalEventListenerTests.java,org.springframework.data.neo4j.transaction.TransactionalEventListenerTests$CallCountingTransactionManager,clear/0,begun,1
/home/sandro/workspace/sandro/MLCQCodeSmellSamples/scripts/../dataset/spring-data-neo4j_bf5704c5f710656d30e93eae8b89ebedb1b920cc/spring-data-neo4j/src/test/java/org/springframework/data/neo4j/transaction/TransactionalEventListenerTests.java,org.springframework.data.neo4j.transaction.TransactionalEventListenerTests$CallCountingTransactionManager,clear/0,commits,1
/home/sandro/workspace/sandro/MLCQCodeSmellSamples/scripts/../dataset/spring-data-neo4j_bf5704c5f710656d30e93eae8b89ebedb1b920cc/spring-data-neo4j/src/test/java/org/springframework/data/neo4j/transaction/TransactionalEventListenerTests.java,org.springframework.data.neo4j.transaction.TransactionalEventListenerTests$CallCountingTransactionManager,clear/0,inflight,1
/home/sandro/workspace/sandro/MLCQCodeSmellSamples/scripts/../dataset/spring-data-neo4j_bf5704c5f710656d30e93eae8b89ebedb1b920cc/spring-data-neo4j/src/test/java/org/springframework/data/neo4j/transaction/TransactionalEventListenerTests.java,org.springframework.data.neo4j.transaction.TransactionalEventListenerTests$CallCountingTransactionManager,doCommit/1[org.springframework.data.neo4j.transaction.DefaultTransactionStatus],commits,1
/home/sandro/workspace/sandro/MLCQCodeSmellSamples/scripts/../dataset/spring-data-neo4j_bf5704c5f710656d30e93eae8b89ebedb1b920cc/spring-data-neo4j/src/test/java/org/springframework/data/neo4j/transaction/TransactionalEventListenerTests.java,org.springframework.data.neo4j.transaction.TransactionalEventListenerTests$CallCountingTransactionManager,doCommit/1[org.springframework.data.neo4j.transaction.DefaultTransactionStatus],inflight,1
/home/sandro/workspace/sandro/MLCQCodeSmellSamples/scripts/../dataset/spring-data-neo4j_bf5704c5f710656d30e93eae8b89ebedb1b920cc/spring-data-neo4j/src/test/java/org/springframework/data/neo4j/examples/movies/domain/Cinema.java,org.springframework.data.neo4j.examples.movies.domain.Cinema,hashCode/0,name,2
/home/sandro/workspace/sandro/MLCQCodeSmellSamples/scripts/../dataset/spring-data-neo4j_bf5704c5f710656d30e93eae8b89ebedb1b920cc/spring-data-neo4j/src/test/java/org/springframework/data/neo4j/examples/movies/domain/Cinema.java,org.springframework.data.neo4j.examples.movies.domain.Cinema,equals/1[java.lang.Object],name,2
/home/sandro/workspace/sandro/MLCQCodeSmellSamples/scripts/../dataset/spring-data-neo4j_bf5704c5f710656d30e93eae8b89ebedb1b920cc/spring-data-neo4j/src/test/java/org/springframework/data/neo4j/examples/movies/domain/Cinema.java,org.springframework.data.neo4j.examples.movies.domain.Cinema,setBlockbusterOfTheWeek/1[org.springframework.data.neo4j.examples.movies.domain.TempMovie],blockbusterOfTheWeek,3
/home/sandro/workspace/sandro/MLCQCodeSmellSamples/scripts/../dataset/spring-data-neo4j_bf5704c5f710656d30e93eae8b89ebedb1b920cc/spring-data-neo4j/src/test/java/org/springframework/data/neo4j/examples/movies/domain/Cinema.java,org.springframework.data.neo4j.examples.movies.domain.Cinema,getBlockbusterOfTheWeek/0,blockbusterOfTheWeek,1
/home/sandro/workspace/sandro/MLCQCodeSmellSamples/scripts/../dataset/spring-data-neo4j_bf5704c5f710656d30e93eae8b89ebedb1b920cc/spring-data-neo4j/src/test/java/org/springframework/data/neo4j/examples/movies/domain/Cinema.java,org.springframework.data.neo4j.examples.movies.domain.Cinema,Cinema/1[java.lang.String],name,3
/home/sandro/workspace/sandro/MLCQCodeSmellSamples/scripts/../dataset/spring-data-neo4j_bf5704c5f710656d30e93eae8b89ebedb1b920cc/spring-data-neo4j/src/test/java/org/springframework/data/neo4j/examples/movies/domain/Cinema.java,org.springframework.data.neo4j.examples.movies.domain.Cinema,getName/0,name,1
/home/sandro/workspace/sandro/MLCQCodeSmellSamples/scripts/../dataset/spring-data-neo4j_bf5704c5f710656d30e93eae8b89ebedb1b920cc/spring-data-neo4j/src/test/java/org/springframework/data/neo4j/examples/movies/domain/Cinema.java,org.springframework.data.neo4j.examples.movies.domain.Cinema,getLocation/0,location,1
/home/sandro/workspace/sandro/MLCQCodeSmellSamples/scripts/../dataset/spring-data-neo4j_bf5704c5f710656d30e93eae8b89ebedb1b920cc/spring-data-neo4j/src/test/java/org/springframework/data/neo4j/examples/movies/domain/Cinema.java,org.springframework.data.neo4j.examples.movies.domain.Cinema,setLocation/1[java.lang.String],location,3
/home/sandro/workspace/sandro/MLCQCodeSmellSamples/scripts/../dataset/spring-data-neo4j_bf5704c5f710656d30e93eae8b89ebedb1b920cc/spring-data-neo4j/src/test/java/org/springframework/data/neo4j/examples/movies/domain/Cinema.java,org.springframework.data.neo4j.examples.movies.domain.Cinema,addVisitor/1[org.springframework.data.neo4j.examples.movies.domain.User],visited,1
/home/sandro/workspace/sandro/MLCQCodeSmellSamples/scripts/../dataset/spring-data-neo4j_bf5704c5f710656d30e93eae8b89ebedb1b920cc/spring-data-neo4j/src/test/java/org/springframework/data/neo4j/examples/movies/domain/Cinema.java,org.springframework.data.neo4j.examples.movies.domain.Cinema,getCapacity/0,capacity,1
/home/sandro/workspace/sandro/MLCQCodeSmellSamples/scripts/../dataset/spring-data-neo4j_bf5704c5f710656d30e93eae8b89ebedb1b920cc/spring-data-neo4j/src/test/java/org/springframework/data/neo4j/examples/movies/domain/Cinema.java,org.springframework.data.neo4j.examples.movies.domain.Cinema,setCapacity/1[int],capacity,3
/home/sandro/workspace/sandro/MLCQCodeSmellSamples/scripts/../dataset/spring-data-neo4j_bf5704c5f710656d30e93eae8b89ebedb1b920cc/spring-data-neo4j/src/test/java/org/springframework/data/neo4j/examples/movies/domain/Cinema.java,org.springframework.data.neo4j.examples.movies.domain.Cinema,"Cinema/2[java.lang.String,int]",name,3
/home/sandro/workspace/sandro/MLCQCodeSmellSamples/scripts/../dataset/spring-data-neo4j_bf5704c5f710656d30e93eae8b89ebedb1b920cc/spring-data-neo4j/src/test/java/org/springframework/data/neo4j/examples/movies/domain/Cinema.java,org.springframework.data.neo4j.examples.movies.domain.Cinema,"Cinema/2[java.lang.String,int]",capacity,3
/home/sandro/workspace/sandro/MLCQCodeSmellSamples/scripts/../dataset/spring-data-neo4j_bf5704c5f710656d30e93eae8b89ebedb1b920cc/spring-data-neo4j/src/test/java/org/springframework/data/neo4j/examples/movies/domain/Cinema.java,org.springframework.data.neo4j.examples.movies.domain.Cinema,getVisited/0,visited,1
/home/sandro/workspace/sandro/MLCQCodeSmellSamples/scripts/../dataset/spring-data-neo4j_bf5704c5f710656d30e93eae8b89ebedb1b920cc/spring-data-neo4j/src/main/java/org/springframework/data/neo4j/transaction/SessionFactoryUtils.java,org.springframework.data.neo4j.transaction.SessionFactoryUtils$SessionSynchronization,"SessionSynchronization/3[org.springframework.data.neo4j.transaction.SessionHolder,org.springframework.data.neo4j.transaction.SessionFactory,boolean]",newSession,3
/home/sandro/workspace/sandro/MLCQCodeSmellSamples/scripts/../dataset/spring-data-neo4j_bf5704c5f710656d30e93eae8b89ebedb1b920cc/spring-data-neo4j/src/main/java/org/springframework/data/neo4j/transaction/SessionFactoryUtils.java,org.springframework.data.neo4j.transaction.SessionFactoryUtils$SessionSynchronization,shouldUnbindAtCompletion/0,newSession,1
/home/sandro/workspace/sandro/MLCQCodeSmellSamples/scripts/../dataset/spring-data-neo4j_bf5704c5f710656d30e93eae8b89ebedb1b920cc/spring-data-neo4j/src/test/java/org/springframework/data/neo4j/examples/movies/domain/queryresult/EntityWrappingQueryResult.java,org.springframework.data.neo4j.examples.movies.domain.queryresult.EntityWrappingQueryResult,getMovies/0,movies,1
/home/sandro/workspace/sandro/MLCQCodeSmellSamples/scripts/../dataset/spring-data-neo4j_bf5704c5f710656d30e93eae8b89ebedb1b920cc/spring-data-neo4j/src/test/java/org/springframework/data/neo4j/examples/movies/domain/queryresult/EntityWrappingQueryResult.java,org.springframework.data.neo4j.examples.movies.domain.queryresult.EntityWrappingQueryResult,getAllRatings/0,allRatings,1
/home/sandro/workspace/sandro/MLCQCodeSmellSamples/scripts/../dataset/spring-data-neo4j_bf5704c5f710656d30e93eae8b89ebedb1b920cc/spring-data-neo4j/src/test/java/org/springframework/data/neo4j/examples/movies/domain/queryresult/EntityWrappingQueryResult.java,org.springframework.data.neo4j.examples.movies.domain.queryresult.EntityWrappingQueryResult,getFriends/0,friends,1
/home/sandro/workspace/sandro/MLCQCodeSmellSamples/scripts/../dataset/spring-data-neo4j_bf5704c5f710656d30e93eae8b89ebedb1b920cc/spring-data-neo4j/src/test/java/org/springframework/data/neo4j/examples/movies/domain/queryresult/EntityWrappingQueryResult.java,org.springframework.data.neo4j.examples.movies.domain.queryresult.EntityWrappingQueryResult,getRatings/0,ratings,1
/home/sandro/workspace/sandro/MLCQCodeSmellSamples/scripts/../dataset/spring-data-neo4j_bf5704c5f710656d30e93eae8b89ebedb1b920cc/spring-data-neo4j/src/test/java/org/springframework/data/neo4j/examples/movies/domain/queryresult/EntityWrappingQueryResult.java,org.springframework.data.neo4j.examples.movies.domain.queryresult.EntityWrappingQueryResult,getAvgRating/0,avgRating,1
/home/sandro/workspace/sandro/MLCQCodeSmellSamples/scripts/../dataset/spring-data-neo4j_bf5704c5f710656d30e93eae8b89ebedb1b920cc/spring-data-neo4j/src/test/java/org/springframework/data/neo4j/examples/movies/domain/queryresult/EntityWrappingQueryResult.java,org.springframework.data.neo4j.examples.movies.domain.queryresult.EntityWrappingQueryResult,getLiteralMap/0,literalMap,1
/home/sandro/workspace/sandro/MLCQCodeSmellSamples/scripts/../dataset/spring-data-neo4j_bf5704c5f710656d30e93eae8b89ebedb1b920cc/spring-data-neo4j/src/test/java/org/springframework/data/neo4j/examples/movies/domain/queryresult/EntityWrappingQueryResult.java,org.springframework.data.neo4j.examples.movies.domain.queryresult.EntityWrappingQueryResult,getUser/0,user,1
/home/sandro/workspace/sandro/MLCQCodeSmellSamples/scripts/../dataset/spring-data-neo4j_bf5704c5f710656d30e93eae8b89ebedb1b920cc/spring-data-neo4j/src/test/java/org/springframework/data/neo4j/examples/movies/repo/UnmanagedUserPojo.java,org.springframework.data.neo4j.examples.movies.repo.UnmanagedUserPojo,getName/0,name,1
/home/sandro/workspace/sandro/MLCQCodeSmellSamples/scripts/../dataset/spring-data-neo4j_bf5704c5f710656d30e93eae8b89ebedb1b920cc/spring-data-neo4j/src/test/java/org/springframework/data/neo4j/examples/movies/repo/UnmanagedUserPojo.java,org.springframework.data.neo4j.examples.movies.repo.UnmanagedUserPojo,setName/1[java.lang.String],name,3
/home/sandro/workspace/sandro/MLCQCodeSmellSamples/scripts/../dataset/spring-data-neo4j_bf5704c5f710656d30e93eae8b89ebedb1b920cc/spring-data-neo4j/src/main/java/org/springframework/data/neo4j/repository/query/Query.java,org.springframework.data.neo4j.repository.query.Query,Query/1[org.springframework.data.neo4j.repository.query.Filters],filters,4
/home/sandro/workspace/sandro/MLCQCodeSmellSamples/scripts/../dataset/spring-data-neo4j_bf5704c5f710656d30e93eae8b89ebedb1b920cc/spring-data-neo4j/src/main/java/org/springframework/data/neo4j/repository/query/Query.java,org.springframework.data.neo4j.repository.query.Query,isFilterQuery/0,filters,1
/home/sandro/workspace/sandro/MLCQCodeSmellSamples/scripts/../dataset/spring-data-neo4j_bf5704c5f710656d30e93eae8b89ebedb1b920cc/spring-data-neo4j/src/main/java/org/springframework/data/neo4j/repository/query/Query.java,org.springframework.data.neo4j.repository.query.Query,getCypherQuery/1[org.springframework.data.neo4j.repository.query.Sort],cypherQuery,2
/home/sandro/workspace/sandro/MLCQCodeSmellSamples/scripts/../dataset/spring-data-neo4j_bf5704c5f710656d30e93eae8b89ebedb1b920cc/spring-data-neo4j/src/main/java/org/springframework/data/neo4j/repository/query/Query.java,org.springframework.data.neo4j.repository.query.Query,"addSorting/2[java.lang.String,org.springframework.data.neo4j.repository.query.Sort]",ORDER_BY_CLAUSE,1
/home/sandro/workspace/sandro/MLCQCodeSmellSamples/scripts/../dataset/spring-data-neo4j_bf5704c5f710656d30e93eae8b89ebedb1b920cc/spring-data-neo4j/src/main/java/org/springframework/data/neo4j/repository/query/Query.java,org.springframework.data.neo4j.repository.query.Query,"addPaging/3[java.lang.String,org.springframework.data.neo4j.repository.query.Pageable,boolean]",cypherQuery,6
/home/sandro/workspace/sandro/MLCQCodeSmellSamples/scripts/../dataset/spring-data-neo4j_bf5704c5f710656d30e93eae8b89ebedb1b920cc/spring-data-neo4j/src/main/java/org/springframework/data/neo4j/repository/query/Query.java,org.springframework.data.neo4j.repository.query.Query,"addPaging/3[java.lang.String,org.springframework.data.neo4j.repository.query.Pageable,boolean]",SKIP_LIMIT,1
/home/sandro/workspace/sandro/MLCQCodeSmellSamples/scripts/../dataset/spring-data-neo4j_bf5704c5f710656d30e93eae8b89ebedb1b920cc/spring-data-neo4j/src/main/java/org/springframework/data/neo4j/repository/query/Query.java,org.springframework.data.neo4j.repository.query.Query,"addPaging/3[java.lang.String,org.springframework.data.neo4j.repository.query.Pageable,boolean]",SKIP,1
/home/sandro/workspace/sandro/MLCQCodeSmellSamples/scripts/../dataset/spring-data-neo4j_bf5704c5f710656d30e93eae8b89ebedb1b920cc/spring-data-neo4j/src/main/java/org/springframework/data/neo4j/repository/query/Query.java,org.springframework.data.neo4j.repository.query.Query,"addPaging/3[java.lang.String,org.springframework.data.neo4j.repository.query.Pageable,boolean]",LIMIT,2
/home/sandro/workspace/sandro/MLCQCodeSmellSamples/scripts/../dataset/spring-data-neo4j_bf5704c5f710656d30e93eae8b89ebedb1b920cc/spring-data-neo4j/src/main/java/org/springframework/data/neo4j/repository/query/Query.java,org.springframework.data.neo4j.repository.query.Query,"addPaging/3[java.lang.String,org.springframework.data.neo4j.repository.query.Pageable,boolean]",parameters,3
/home/sandro/workspace/sandro/MLCQCodeSmellSamples/scripts/../dataset/spring-data-neo4j_bf5704c5f710656d30e93eae8b89ebedb1b920cc/spring-data-neo4j/src/main/java/org/springframework/data/neo4j/repository/query/Query.java,org.springframework.data.neo4j.repository.query.Query,"Query/2[java.lang.String,java.util.Map<java.lang.String,java.lang.Object>]",cypherQuery,4
/home/sandro/workspace/sandro/MLCQCodeSmellSamples/scripts/../dataset/spring-data-neo4j_bf5704c5f710656d30e93eae8b89ebedb1b920cc/spring-data-neo4j/src/main/java/org/springframework/data/neo4j/repository/query/Query.java,org.springframework.data.neo4j.repository.query.Query,"Query/2[java.lang.String,java.util.Map<java.lang.String,java.lang.Object>]",parameters,4
/home/sandro/workspace/sandro/MLCQCodeSmellSamples/scripts/../dataset/spring-data-neo4j_bf5704c5f710656d30e93eae8b89ebedb1b920cc/spring-data-neo4j/src/main/java/org/springframework/data/neo4j/repository/query/Query.java,org.springframework.data.neo4j.repository.query.Query,formatBaseQuery/1[java.lang.String],cypherQuery,8
/home/sandro/workspace/sandro/MLCQCodeSmellSamples/scripts/../dataset/spring-data-neo4j_bf5704c5f710656d30e93eae8b89ebedb1b920cc/spring-data-neo4j/src/main/java/org/springframework/data/neo4j/repository/query/Query.java,org.springframework.data.neo4j.repository.query.Query,"getCypherQuery/2[org.springframework.data.neo4j.repository.query.Pageable,boolean]",cypherQuery,1
/home/sandro/workspace/sandro/MLCQCodeSmellSamples/scripts/../dataset/spring-data-neo4j_bf5704c5f710656d30e93eae8b89ebedb1b920cc/spring-data-neo4j/src/main/java/org/springframework/data/neo4j/repository/query/Query.java,org.springframework.data.neo4j.repository.query.Query,"Query/3[java.lang.String,java.lang.String,java.util.Map<java.lang.String,java.lang.Object>]",cypherQuery,4
/home/sandro/workspace/sandro/MLCQCodeSmellSamples/scripts/../dataset/spring-data-neo4j_bf5704c5f710656d30e93eae8b89ebedb1b920cc/spring-data-neo4j/src/main/java/org/springframework/data/neo4j/repository/query/Query.java,org.springframework.data.neo4j.repository.query.Query,"Query/3[java.lang.String,java.lang.String,java.util.Map<java.lang.String,java.lang.Object>]",countQuery,3
/home/sandro/workspace/sandro/MLCQCodeSmellSamples/scripts/../dataset/spring-data-neo4j_bf5704c5f710656d30e93eae8b89ebedb1b920cc/spring-data-neo4j/src/main/java/org/springframework/data/neo4j/repository/query/Query.java,org.springframework.data.neo4j.repository.query.Query,"Query/3[java.lang.String,java.lang.String,java.util.Map<java.lang.String,java.lang.Object>]",parameters,4
/home/sandro/workspace/sandro/MLCQCodeSmellSamples/scripts/../dataset/spring-data-neo4j_bf5704c5f710656d30e93eae8b89ebedb1b920cc/spring-data-neo4j/src/main/java/org/springframework/data/neo4j/repository/query/Query.java,org.springframework.data.neo4j.repository.query.Query,getCypherQuery/0,cypherQuery,1
/home/sandro/workspace/sandro/MLCQCodeSmellSamples/scripts/../dataset/spring-data-neo4j_bf5704c5f710656d30e93eae8b89ebedb1b920cc/spring-data-neo4j/src/main/java/org/springframework/data/neo4j/repository/query/Query.java,org.springframework.data.neo4j.repository.query.Query,toString/0,cypherQuery,1
/home/sandro/workspace/sandro/MLCQCodeSmellSamples/scripts/../dataset/spring-data-neo4j_bf5704c5f710656d30e93eae8b89ebedb1b920cc/spring-data-neo4j/src/main/java/org/springframework/data/neo4j/repository/query/Query.java,org.springframework.data.neo4j.repository.query.Query,toString/0,filters,2
/home/sandro/workspace/sandro/MLCQCodeSmellSamples/scripts/../dataset/spring-data-neo4j_bf5704c5f710656d30e93eae8b89ebedb1b920cc/spring-data-neo4j/src/main/java/org/springframework/data/neo4j/repository/query/Query.java,org.springframework.data.neo4j.repository.query.Query,getCountQuery/0,countQuery,1
/home/sandro/workspace/sandro/MLCQCodeSmellSamples/scripts/../dataset/spring-data-neo4j_bf5704c5f710656d30e93eae8b89ebedb1b920cc/spring-data-neo4j/src/main/java/org/springframework/data/neo4j/repository/query/Query.java,org.springframework.data.neo4j.repository.query.Query,getFilters/0,filters,1
/home/sandro/workspace/sandro/MLCQCodeSmellSamples/scripts/../dataset/spring-data-neo4j_bf5704c5f710656d30e93eae8b89ebedb1b920cc/spring-data-neo4j/src/main/java/org/springframework/data/neo4j/repository/query/Query.java,org.springframework.data.neo4j.repository.query.Query,getParameters/0,parameters,1
/home/sandro/workspace/sandro/MLCQCodeSmellSamples/scripts/../dataset/spring-data-neo4j_bf5704c5f710656d30e93eae8b89ebedb1b920cc/spring-data-neo4j/src/main/java/org/springframework/data/neo4j/repository/query/Query.java,org.springframework.data.neo4j.repository.query.Query,sanitize/1[java.lang.String],cypherQuery,8
/home/sandro/workspace/sandro/MLCQCodeSmellSamples/scripts/../dataset/spring-data-neo4j_bf5704c5f710656d30e93eae8b89ebedb1b920cc/spring-data-neo4j/src/test/java/org/springframework/data/neo4j/examples/movies/service/UserServiceImpl.java,org.springframework.data.neo4j.examples.movies.service.UserServiceImpl,saveWithTxAnnotationOnImpl/1[org.springframework.data.neo4j.examples.movies.domain.User],userRepository,1
/home/sandro/workspace/sandro/MLCQCodeSmellSamples/scripts/../dataset/spring-data-neo4j_bf5704c5f710656d30e93eae8b89ebedb1b920cc/spring-data-neo4j/src/test/java/org/springframework/data/neo4j/examples/movies/service/UserServiceImpl.java,org.springframework.data.neo4j.examples.movies.service.UserServiceImpl,saveWithTxAnnotationOnInterface/1[org.springframework.data.neo4j.examples.movies.domain.User],userRepository,1
/home/sandro/workspace/sandro/MLCQCodeSmellSamples/scripts/../dataset/spring-data-neo4j_bf5704c5f710656d30e93eae8b89ebedb1b920cc/spring-data-neo4j/src/test/java/org/springframework/data/neo4j/examples/movies/service/UserServiceImpl.java,org.springframework.data.neo4j.examples.movies.service.UserServiceImpl,"notInterestedIn/2[java.lang.Long,java.lang.Long]",userRepository,2
/home/sandro/workspace/sandro/MLCQCodeSmellSamples/scripts/../dataset/spring-data-neo4j_bf5704c5f710656d30e93eae8b89ebedb1b920cc/spring-data-neo4j/src/test/java/org/springframework/data/neo4j/examples/movies/service/UserServiceImpl.java,org.springframework.data.neo4j.examples.movies.service.UserServiceImpl,"notInterestedIn/2[java.lang.Long,java.lang.Long]",genreRepository,1
/home/sandro/workspace/sandro/MLCQCodeSmellSamples/scripts/../dataset/spring-data-neo4j_bf5704c5f710656d30e93eae8b89ebedb1b920cc/spring-data-neo4j/src/test/java/org/springframework/data/neo4j/examples/movies/service/UserServiceImpl.java,org.springframework.data.neo4j.examples.movies.service.UserServiceImpl,getAllUsersWithBookmark/0,userRepository,1
/home/sandro/workspace/sandro/MLCQCodeSmellSamples/scripts/../dataset/spring-data-neo4j_bf5704c5f710656d30e93eae8b89ebedb1b920cc/spring-data-neo4j/src/main/java/org/springframework/data/neo4j/repository/query/GraphRepositoryQuery.java,org.springframework.data.neo4j.repository.query.GraphRepositoryQuery,getParameterizedQuery/0,parameterizedQuery,3
/home/sandro/workspace/sandro/MLCQCodeSmellSamples/scripts/../dataset/spring-data-neo4j_bf5704c5f710656d30e93eae8b89ebedb1b920cc/spring-data-neo4j/src/main/java/org/springframework/data/neo4j/repository/query/GraphRepositoryQuery.java,org.springframework.data.neo4j.repository.query.GraphRepositoryQuery,getParameterizedQuery/0,evaluationContextProvider,1
/home/sandro/workspace/sandro/MLCQCodeSmellSamples/scripts/../dataset/spring-data-neo4j_bf5704c5f710656d30e93eae8b89ebedb1b920cc/spring-data-neo4j/src/main/java/org/springframework/data/neo4j/repository/query/GraphRepositoryQuery.java,org.springframework.data.neo4j.repository.query.GraphRepositoryQuery,isExistsQuery/0,isExistsQuery,2
/home/sandro/workspace/sandro/MLCQCodeSmellSamples/scripts/../dataset/spring-data-neo4j_bf5704c5f710656d30e93eae8b89ebedb1b920cc/spring-data-neo4j/src/main/java/org/springframework/data/neo4j/repository/query/GraphRepositoryQuery.java,org.springframework.data.neo4j.repository.query.GraphRepositoryQuery,"doExecute/2[org.springframework.data.neo4j.repository.query.Query,java.lang.Object[]]",LOG,2
/home/sandro/workspace/sandro/MLCQCodeSmellSamples/scripts/../dataset/spring-data-neo4j_bf5704c5f710656d30e93eae8b89ebedb1b920cc/spring-data-neo4j/src/main/java/org/springframework/data/neo4j/repository/query/GraphRepositoryQuery.java,org.springframework.data.neo4j.repository.query.GraphRepositoryQuery,"doExecute/2[org.springframework.data.neo4j.repository.query.Query,java.lang.Object[]]",entityInstantiator,1
/home/sandro/workspace/sandro/MLCQCodeSmellSamples/scripts/../dataset/spring-data-neo4j_bf5704c5f710656d30e93eae8b89ebedb1b920cc/spring-data-neo4j/src/main/java/org/springframework/data/neo4j/repository/query/GraphRepositoryQuery.java,org.springframework.data.neo4j.repository.query.GraphRepositoryQuery,"GraphRepositoryQuery/4[org.springframework.data.neo4j.repository.query.GraphQueryMethod,org.springframework.data.neo4j.repository.query.MetaData,org.springframework.data.neo4j.repository.query.Session,org.springframework.data.neo4j.repository.query.QueryMethodEvaluationContextProvider]",isExistsQuery,1
/home/sandro/workspace/sandro/MLCQCodeSmellSamples/scripts/../dataset/spring-data-neo4j_bf5704c5f710656d30e93eae8b89ebedb1b920cc/spring-data-neo4j/src/main/java/org/springframework/data/neo4j/repository/query/GraphRepositoryQuery.java,org.springframework.data.neo4j.repository.query.GraphRepositoryQuery,"GraphRepositoryQuery/4[org.springframework.data.neo4j.repository.query.GraphQueryMethod,org.springframework.data.neo4j.repository.query.MetaData,org.springframework.data.neo4j.repository.query.Session,org.springframework.data.neo4j.repository.query.QueryMethodEvaluationContextProvider]",evaluationContextProvider,3
/home/sandro/workspace/sandro/MLCQCodeSmellSamples/scripts/../dataset/spring-data-neo4j_bf5704c5f710656d30e93eae8b89ebedb1b920cc/spring-data-neo4j/src/main/java/org/springframework/data/neo4j/repository/query/GraphRepositoryQuery.java,org.springframework.data.neo4j.repository.query.GraphRepositoryQuery,"GraphRepositoryQuery/4[org.springframework.data.neo4j.repository.query.GraphQueryMethod,org.springframework.data.neo4j.repository.query.MetaData,org.springframework.data.neo4j.repository.query.Session,org.springframework.data.neo4j.repository.query.QueryMethodEvaluationContextProvider]",entityInstantiator,1
/home/sandro/workspace/sandro/MLCQCodeSmellSamples/scripts/../dataset/spring-data-neo4j_bf5704c5f710656d30e93eae8b89ebedb1b920cc/spring-data-neo4j/src/main/java/org/springframework/data/neo4j/repository/query/GraphQueryExecution.java,org.springframework.data.neo4j.repository.query.GraphQueryExecution$CountByExecution,"execute/2[org.springframework.data.neo4j.repository.query.Query,java.lang.Class<?>]",session,1
/home/sandro/workspace/sandro/MLCQCodeSmellSamples/scripts/../dataset/spring-data-neo4j_bf5704c5f710656d30e93eae8b89ebedb1b920cc/spring-data-neo4j/src/main/java/org/springframework/data/neo4j/repository/query/GraphQueryExecution.java,org.springframework.data.neo4j.repository.query.GraphQueryExecution$CountByExecution,CountByExecution/1[org.springframework.data.neo4j.repository.query.Session],session,3
/home/sandro/workspace/sandro/MLCQCodeSmellSamples/scripts/../dataset/spring-data-neo4j_bf5704c5f710656d30e93eae8b89ebedb1b920cc/spring-data-neo4j/src/main/java/org/springframework/data/neo4j/repository/query/GraphQueryLookupStrategy.java,org.springframework.data.neo4j.repository.query.GraphQueryLookupStrategy,"resolveQuery/4[java.lang.reflect.Method,org.springframework.data.neo4j.repository.query.RepositoryMetadata,org.springframework.data.neo4j.repository.query.ProjectionFactory,org.springframework.data.neo4j.repository.query.NamedQueries]",metaData,3
/home/sandro/workspace/sandro/MLCQCodeSmellSamples/scripts/../dataset/spring-data-neo4j_bf5704c5f710656d30e93eae8b89ebedb1b920cc/spring-data-neo4j/src/main/java/org/springframework/data/neo4j/repository/query/GraphQueryLookupStrategy.java,org.springframework.data.neo4j.repository.query.GraphQueryLookupStrategy,"resolveQuery/4[java.lang.reflect.Method,org.springframework.data.neo4j.repository.query.RepositoryMetadata,org.springframework.data.neo4j.repository.query.ProjectionFactory,org.springframework.data.neo4j.repository.query.NamedQueries]",evaluationContextProvider,2
/home/sandro/workspace/sandro/MLCQCodeSmellSamples/scripts/../dataset/spring-data-neo4j_bf5704c5f710656d30e93eae8b89ebedb1b920cc/spring-data-neo4j/src/main/java/org/springframework/data/neo4j/repository/query/GraphQueryLookupStrategy.java,org.springframework.data.neo4j.repository.query.GraphQueryLookupStrategy,"resolveQuery/4[java.lang.reflect.Method,org.springframework.data.neo4j.repository.query.RepositoryMetadata,org.springframework.data.neo4j.repository.query.ProjectionFactory,org.springframework.data.neo4j.repository.query.NamedQueries]",session,3
/home/sandro/workspace/sandro/MLCQCodeSmellSamples/scripts/../dataset/spring-data-neo4j_bf5704c5f710656d30e93eae8b89ebedb1b920cc/spring-data-neo4j/src/main/java/org/springframework/data/neo4j/repository/query/GraphQueryLookupStrategy.java,org.springframework.data.neo4j.repository.query.GraphQueryLookupStrategy,"resolveQuery/4[java.lang.reflect.Method,org.springframework.data.neo4j.repository.query.RepositoryMetadata,org.springframework.data.neo4j.repository.query.ProjectionFactory,org.springframework.data.neo4j.repository.query.NamedQueries]",mappingContext,1
/home/sandro/workspace/sandro/MLCQCodeSmellSamples/scripts/../dataset/spring-data-neo4j_bf5704c5f710656d30e93eae8b89ebedb1b920cc/spring-data-neo4j/src/main/java/org/springframework/data/neo4j/repository/query/GraphQueryLookupStrategy.java,org.springframework.data.neo4j.repository.query.GraphQueryLookupStrategy,"GraphQueryLookupStrategy/3[org.springframework.data.neo4j.repository.query.Session,org.springframework.data.neo4j.repository.query.QueryMethodEvaluationContextProvider,org.springframework.data.neo4j.repository.query.MappingContext<org.springframework.data.neo4j.mapping.Neo4jPersistentEntity<?>,org.springframework.data.neo4j.mapping.Neo4jPersistentProperty>]",metaData,1
/home/sandro/workspace/sandro/MLCQCodeSmellSamples/scripts/../dataset/spring-data-neo4j_bf5704c5f710656d30e93eae8b89ebedb1b920cc/spring-data-neo4j/src/main/java/org/springframework/data/neo4j/repository/query/GraphQueryLookupStrategy.java,org.springframework.data.neo4j.repository.query.GraphQueryLookupStrategy,"GraphQueryLookupStrategy/3[org.springframework.data.neo4j.repository.query.Session,org.springframework.data.neo4j.repository.query.QueryMethodEvaluationContextProvider,org.springframework.data.neo4j.repository.query.MappingContext<org.springframework.data.neo4j.mapping.Neo4jPersistentEntity<?>,org.springframework.data.neo4j.mapping.Neo4jPersistentProperty>]",evaluationContextProvider,3
/home/sandro/workspace/sandro/MLCQCodeSmellSamples/scripts/../dataset/spring-data-neo4j_bf5704c5f710656d30e93eae8b89ebedb1b920cc/spring-data-neo4j/src/main/java/org/springframework/data/neo4j/repository/query/GraphQueryLookupStrategy.java,org.springframework.data.neo4j.repository.query.GraphQueryLookupStrategy,"GraphQueryLookupStrategy/3[org.springframework.data.neo4j.repository.query.Session,org.springframework.data.neo4j.repository.query.QueryMethodEvaluationContextProvider,org.springframework.data.neo4j.repository.query.MappingContext<org.springframework.data.neo4j.mapping.Neo4jPersistentEntity<?>,org.springframework.data.neo4j.mapping.Neo4jPersistentProperty>]",session,4
/home/sandro/workspace/sandro/MLCQCodeSmellSamples/scripts/../dataset/spring-data-neo4j_bf5704c5f710656d30e93eae8b89ebedb1b920cc/spring-data-neo4j/src/main/java/org/springframework/data/neo4j/repository/query/GraphQueryLookupStrategy.java,org.springframework.data.neo4j.repository.query.GraphQueryLookupStrategy,"GraphQueryLookupStrategy/3[org.springframework.data.neo4j.repository.query.Session,org.springframework.data.neo4j.repository.query.QueryMethodEvaluationContextProvider,org.springframework.data.neo4j.repository.query.MappingContext<org.springframework.data.neo4j.mapping.Neo4jPersistentEntity<?>,org.springframework.data.neo4j.mapping.Neo4jPersistentProperty>]",mappingContext,3
/home/sandro/workspace/sandro/MLCQCodeSmellSamples/scripts/../dataset/spring-data-neo4j_bf5704c5f710656d30e93eae8b89ebedb1b920cc/spring-data-neo4j/src/main/java/org/springframework/data/neo4j/repository/query/GraphQueryLookupStrategy.java,org.springframework.data.neo4j.repository.query.GraphQueryLookupStrategy,getMetaData/1[org.springframework.data.neo4j.repository.query.Session],session,5
/home/sandro/workspace/sandro/MLCQCodeSmellSamples/scripts/../dataset/spring-data-neo4j_bf5704c5f710656d30e93eae8b89ebedb1b920cc/spring-data-neo4j/src/main/java/org/springframework/data/neo4j/repository/query/GraphQueryLookupStrategy.java,org.springframework.data.neo4j.repository.query.GraphQueryLookupStrategy,"GraphQueryLookupStrategy/2[org.springframework.data.neo4j.repository.query.Session,org.springframework.data.neo4j.repository.query.QueryMethodEvaluationContextProvider]",evaluationContextProvider,3
/home/sandro/workspace/sandro/MLCQCodeSmellSamples/scripts/../dataset/spring-data-neo4j_bf5704c5f710656d30e93eae8b89ebedb1b920cc/spring-data-neo4j/src/main/java/org/springframework/data/neo4j/repository/query/GraphQueryLookupStrategy.java,org.springframework.data.neo4j.repository.query.GraphQueryLookupStrategy,"GraphQueryLookupStrategy/2[org.springframework.data.neo4j.repository.query.Session,org.springframework.data.neo4j.repository.query.QueryMethodEvaluationContextProvider]",session,3
/home/sandro/workspace/sandro/MLCQCodeSmellSamples/scripts/../dataset/spring-data-neo4j_bf5704c5f710656d30e93eae8b89ebedb1b920cc/spring-data-neo4j/src/test/java/org/springframework/data/neo4j/repository/MultipleSessionFactorySupportTests.java,org.springframework.data.neo4j.repository.MultipleSessionFactorySupportTests,sessionsShouldUseCorrectMappingContext/0,friendsSession,1
/home/sandro/workspace/sandro/MLCQCodeSmellSamples/scripts/../dataset/spring-data-neo4j_bf5704c5f710656d30e93eae8b89ebedb1b920cc/spring-data-neo4j/src/test/java/org/springframework/data/neo4j/repository/MultipleSessionFactorySupportTests.java,org.springframework.data.neo4j.repository.MultipleSessionFactorySupportTests,sessionsShouldUseCorrectMappingContext/0,restaurantsSession,1
/home/sandro/workspace/sandro/MLCQCodeSmellSamples/scripts/../dataset/spring-data-neo4j_bf5704c5f710656d30e93eae8b89ebedb1b920cc/spring-data-neo4j/src/test/java/org/springframework/data/neo4j/repository/MultipleSessionFactorySupportTests.java,org.springframework.data.neo4j.repository.MultipleSessionFactorySupportTests,repositoriesShouldUseCorrectSessionFactory/0,QUERY_COUNT_DINER_NODES,2
/home/sandro/workspace/sandro/MLCQCodeSmellSamples/scripts/../dataset/spring-data-neo4j_bf5704c5f710656d30e93eae8b89ebedb1b920cc/spring-data-neo4j/src/test/java/org/springframework/data/neo4j/repository/MultipleSessionFactorySupportTests.java,org.springframework.data.neo4j.repository.MultipleSessionFactorySupportTests,repositoriesShouldUseCorrectSessionFactory/0,instance2,2
/home/sandro/workspace/sandro/MLCQCodeSmellSamples/scripts/../dataset/spring-data-neo4j_bf5704c5f710656d30e93eae8b89ebedb1b920cc/spring-data-neo4j/src/test/java/org/springframework/data/neo4j/repository/MultipleSessionFactorySupportTests.java,org.springframework.data.neo4j.repository.MultipleSessionFactorySupportTests,repositoriesShouldUseCorrectSessionFactory/0,instance1,2
/home/sandro/workspace/sandro/MLCQCodeSmellSamples/scripts/../dataset/spring-data-neo4j_bf5704c5f710656d30e93eae8b89ebedb1b920cc/spring-data-neo4j/src/test/java/org/springframework/data/neo4j/repository/MultipleSessionFactorySupportTests.java,org.springframework.data.neo4j.repository.MultipleSessionFactorySupportTests,repositoriesShouldUseCorrectSessionFactory/0,restaurantRepository,1
/home/sandro/workspace/sandro/MLCQCodeSmellSamples/scripts/../dataset/spring-data-neo4j_bf5704c5f710656d30e93eae8b89ebedb1b920cc/spring-data-neo4j/src/test/java/org/springframework/data/neo4j/repository/MultipleSessionFactorySupportTests.java,org.springframework.data.neo4j.repository.MultipleSessionFactorySupportTests,repositoriesShouldUseCorrectSessionFactory/0,friendsSession,1
/home/sandro/workspace/sandro/MLCQCodeSmellSamples/scripts/../dataset/spring-data-neo4j_bf5704c5f710656d30e93eae8b89ebedb1b920cc/spring-data-neo4j/src/test/java/org/springframework/data/neo4j/repository/MultipleSessionFactorySupportTests.java,org.springframework.data.neo4j.repository.MultipleSessionFactorySupportTests,repositoriesShouldUseCorrectSessionFactory/0,friendshipRepository,1
/home/sandro/workspace/sandro/MLCQCodeSmellSamples/scripts/../dataset/spring-data-neo4j_bf5704c5f710656d30e93eae8b89ebedb1b920cc/spring-data-neo4j/src/test/java/org/springframework/data/neo4j/repository/MultipleSessionFactorySupportTests.java,org.springframework.data.neo4j.repository.MultipleSessionFactorySupportTests,repositoriesShouldUseCorrectSessionFactory/0,QUERY_COUNT_PERSON_NODES,2
/home/sandro/workspace/sandro/MLCQCodeSmellSamples/scripts/../dataset/spring-data-neo4j_bf5704c5f710656d30e93eae8b89ebedb1b920cc/spring-data-neo4j/src/test/java/org/springframework/data/neo4j/repository/MultipleSessionFactorySupportTests.java,org.springframework.data.neo4j.repository.MultipleSessionFactorySupportTests,repositoriesShouldUseCorrectSessionFactory/0,restaurantsSession,1
/home/sandro/workspace/sandro/MLCQCodeSmellSamples/scripts/../dataset/spring-data-neo4j_bf5704c5f710656d30e93eae8b89ebedb1b920cc/spring-data-neo4j/src/test/java/org/springframework/data/neo4j/repository/MultipleSessionFactorySupportTests.java,org.springframework.data.neo4j.repository.MultipleSessionFactorySupportTests,tearDownDatabase/0,instance2,1
/home/sandro/workspace/sandro/MLCQCodeSmellSamples/scripts/../dataset/spring-data-neo4j_bf5704c5f710656d30e93eae8b89ebedb1b920cc/spring-data-neo4j/src/test/java/org/springframework/data/neo4j/repository/MultipleSessionFactorySupportTests.java,org.springframework.data.neo4j.repository.MultipleSessionFactorySupportTests,tearDownDatabase/0,instance1,1
/home/sandro/workspace/sandro/MLCQCodeSmellSamples/scripts/../dataset/spring-data-neo4j_bf5704c5f710656d30e93eae8b89ebedb1b920cc/spring-data-neo4j/src/test/java/org/springframework/data/neo4j/repository/MultipleSessionFactorySupportTests.java,org.springframework.data.neo4j.repository.MultipleSessionFactorySupportTests,initializeDatabase/0,instance2,1
/home/sandro/workspace/sandro/MLCQCodeSmellSamples/scripts/../dataset/spring-data-neo4j_bf5704c5f710656d30e93eae8b89ebedb1b920cc/spring-data-neo4j/src/test/java/org/springframework/data/neo4j/repository/MultipleSessionFactorySupportTests.java,org.springframework.data.neo4j.repository.MultipleSessionFactorySupportTests,initializeDatabase/0,instance1,1
/home/sandro/workspace/sandro/MLCQCodeSmellSamples/scripts/../dataset/spring-data-neo4j_bf5704c5f710656d30e93eae8b89ebedb1b920cc/spring-data-neo4j/src/main/java/org/springframework/data/neo4j/repository/query/AbstractGraphRepositoryQuery.java,org.springframework.data.neo4j.repository.query.AbstractGraphRepositoryQuery,returnsOgmSpecificType/0,queryMethod,1
/home/sandro/workspace/sandro/MLCQCodeSmellSamples/scripts/../dataset/spring-data-neo4j_bf5704c5f710656d30e93eae8b89ebedb1b920cc/spring-data-neo4j/src/main/java/org/springframework/data/neo4j/repository/query/AbstractGraphRepositoryQuery.java,org.springframework.data.neo4j.repository.query.AbstractGraphRepositoryQuery,"AbstractGraphRepositoryQuery/3[org.springframework.data.neo4j.repository.query.GraphQueryMethod,org.springframework.data.neo4j.repository.query.MetaData,org.springframework.data.neo4j.repository.query.Session]",metaData,3
/home/sandro/workspace/sandro/MLCQCodeSmellSamples/scripts/../dataset/spring-data-neo4j_bf5704c5f710656d30e93eae8b89ebedb1b920cc/spring-data-neo4j/src/main/java/org/springframework/data/neo4j/repository/query/AbstractGraphRepositoryQuery.java,org.springframework.data.neo4j.repository.query.AbstractGraphRepositoryQuery,"AbstractGraphRepositoryQuery/3[org.springframework.data.neo4j.repository.query.GraphQueryMethod,org.springframework.data.neo4j.repository.query.MetaData,org.springframework.data.neo4j.repository.query.Session]",session,3
/home/sandro/workspace/sandro/MLCQCodeSmellSamples/scripts/../dataset/spring-data-neo4j_bf5704c5f710656d30e93eae8b89ebedb1b920cc/spring-data-neo4j/src/main/java/org/springframework/data/neo4j/repository/query/AbstractGraphRepositoryQuery.java,org.springframework.data.neo4j.repository.query.AbstractGraphRepositoryQuery,"AbstractGraphRepositoryQuery/3[org.springframework.data.neo4j.repository.query.GraphQueryMethod,org.springframework.data.neo4j.repository.query.MetaData,org.springframework.data.neo4j.repository.query.Session]",queryMethod,3
/home/sandro/workspace/sandro/MLCQCodeSmellSamples/scripts/../dataset/spring-data-neo4j_bf5704c5f710656d30e93eae8b89ebedb1b920cc/spring-data-neo4j/src/main/java/org/springframework/data/neo4j/repository/query/AbstractGraphRepositoryQuery.java,org.springframework.data.neo4j.repository.query.AbstractGraphRepositoryQuery,getExecution/1[org.springframework.data.neo4j.repository.query.GraphParameterAccessor],session,9
/home/sandro/workspace/sandro/MLCQCodeSmellSamples/scripts/../dataset/spring-data-neo4j_bf5704c5f710656d30e93eae8b89ebedb1b920cc/spring-data-neo4j/src/main/java/org/springframework/data/neo4j/repository/query/AbstractGraphRepositoryQuery.java,org.springframework.data.neo4j.repository.query.AbstractGraphRepositoryQuery,getExecution/1[org.springframework.data.neo4j.repository.query.GraphParameterAccessor],queryMethod,5
/home/sandro/workspace/sandro/MLCQCodeSmellSamples/scripts/../dataset/spring-data-neo4j_bf5704c5f710656d30e93eae8b89ebedb1b920cc/spring-data-neo4j/src/main/java/org/springframework/data/neo4j/repository/query/AbstractGraphRepositoryQuery.java,org.springframework.data.neo4j.repository.query.AbstractGraphRepositoryQuery,getQueryMethod/0,queryMethod,1
/home/sandro/workspace/sandro/MLCQCodeSmellSamples/scripts/../dataset/spring-data-neo4j_bf5704c5f710656d30e93eae8b89ebedb1b920cc/spring-data-neo4j/src/main/java/org/springframework/data/neo4j/conversion/Neo4jOgmEntityInstantiatorAdapter.java,org.springframework.data.neo4j.conversion.Neo4jOgmEntityInstantiatorAdapter,"Neo4jOgmEntityInstantiatorAdapter/2[org.springframework.data.neo4j.conversion.MappingContext<org.springframework.data.neo4j.mapping.Neo4jPersistentEntity<?>,org.springframework.data.neo4j.mapping.Neo4jPersistentProperty>,org.springframework.data.neo4j.conversion.ConversionService]",context,4
/home/sandro/workspace/sandro/MLCQCodeSmellSamples/scripts/../dataset/spring-data-neo4j_bf5704c5f710656d30e93eae8b89ebedb1b920cc/spring-data-neo4j/src/main/java/org/springframework/data/neo4j/conversion/Neo4jOgmEntityInstantiatorAdapter.java,org.springframework.data.neo4j.conversion.Neo4jOgmEntityInstantiatorAdapter,"Neo4jOgmEntityInstantiatorAdapter/2[org.springframework.data.neo4j.conversion.MappingContext<org.springframework.data.neo4j.mapping.Neo4jPersistentEntity<?>,org.springframework.data.neo4j.mapping.Neo4jPersistentProperty>,org.springframework.data.neo4j.conversion.ConversionService]",conversionService,3
/home/sandro/workspace/sandro/MLCQCodeSmellSamples/scripts/../dataset/spring-data-neo4j_bf5704c5f710656d30e93eae8b89ebedb1b920cc/spring-data-neo4j/src/main/java/org/springframework/data/neo4j/conversion/Neo4jOgmEntityInstantiatorAdapter.java,org.springframework.data.neo4j.conversion.Neo4jOgmEntityInstantiatorAdapter,"createInstance/2[java.lang.Class<T>,java.util.Map<java.lang.String,java.lang.Object>]",context,2
/home/sandro/workspace/sandro/MLCQCodeSmellSamples/scripts/../dataset/spring-data-neo4j_bf5704c5f710656d30e93eae8b89ebedb1b920cc/spring-data-neo4j/src/main/java/org/springframework/data/neo4j/conversion/Neo4jOgmEntityInstantiatorAdapter.java,org.springframework.data.neo4j.conversion.Neo4jOgmEntityInstantiatorAdapter,"createInstance/2[java.lang.Class<T>,java.util.Map<java.lang.String,java.lang.Object>]",conversionService,1
/home/sandro/workspace/sandro/MLCQCodeSmellSamples/scripts/../dataset/spring-data-neo4j_bf5704c5f710656d30e93eae8b89ebedb1b920cc/spring-data-neo4j/src/main/java/org/springframework/data/neo4j/conversion/Neo4jOgmEntityInstantiatorAdapter.java,org.springframework.data.neo4j.conversion.Neo4jOgmEntityInstantiatorAdapter,"getParameterProvider/2[java.util.Map<java.lang.String,java.lang.Object>,org.springframework.data.neo4j.conversion.ConversionService]",conversionService,2
/home/sandro/workspace/sandro/MLCQCodeSmellSamples/scripts/../dataset/spring-data-neo4j_bf5704c5f710656d30e93eae8b89ebedb1b920cc/spring-data-neo4j/src/main/java/org/springframework/data/neo4j/exception/Neo4jErrorStatusCodes.java,org.springframework.data.neo4j.exception.Neo4jErrorStatusCodes,translate/1[java.lang.String],errors,1
/home/sandro/workspace/sandro/MLCQCodeSmellSamples/scripts/../dataset/spring-data-neo4j_bf5704c5f710656d30e93eae8b89ebedb1b920cc/spring-data-neo4j/src/test/java/org/springframework/data/neo4j/web/support/OpenSessionInViewTests.java,org.springframework.data.neo4j.web.support.OpenSessionInViewTests,testOpenSessionInViewInterceptorAsyncScenario/0,request,10
/home/sandro/workspace/sandro/MLCQCodeSmellSamples/scripts/../dataset/spring-data-neo4j_bf5704c5f710656d30e93eae8b89ebedb1b920cc/spring-data-neo4j/src/test/java/org/springframework/data/neo4j/web/support/OpenSessionInViewTests.java,org.springframework.data.neo4j.web.support.OpenSessionInViewTests,testOpenSessionInViewInterceptorAsyncScenario/0,webRequest,6
/home/sandro/workspace/sandro/MLCQCodeSmellSamples/scripts/../dataset/spring-data-neo4j_bf5704c5f710656d30e93eae8b89ebedb1b920cc/spring-data-neo4j/src/test/java/org/springframework/data/neo4j/web/support/OpenSessionInViewTests.java,org.springframework.data.neo4j.web.support.OpenSessionInViewTests,testOpenSessionInViewInterceptorAsyncScenario/0,session,1
/home/sandro/workspace/sandro/MLCQCodeSmellSamples/scripts/../dataset/spring-data-neo4j_bf5704c5f710656d30e93eae8b89ebedb1b920cc/spring-data-neo4j/src/test/java/org/springframework/data/neo4j/web/support/OpenSessionInViewTests.java,org.springframework.data.neo4j.web.support.OpenSessionInViewTests,testOpenSessionInViewInterceptorAsyncScenario/0,response,1
/home/sandro/workspace/sandro/MLCQCodeSmellSamples/scripts/../dataset/spring-data-neo4j_bf5704c5f710656d30e93eae8b89ebedb1b920cc/spring-data-neo4j/src/test/java/org/springframework/data/neo4j/web/support/OpenSessionInViewTests.java,org.springframework.data.neo4j.web.support.OpenSessionInViewTests,testOpenSessionInViewInterceptorAsyncScenario/0,sessionFactory,7
/home/sandro/workspace/sandro/MLCQCodeSmellSamples/scripts/../dataset/spring-data-neo4j_bf5704c5f710656d30e93eae8b89ebedb1b920cc/spring-data-neo4j/src/test/java/org/springframework/data/neo4j/web/support/OpenSessionInViewTests.java,org.springframework.data.neo4j.web.support.OpenSessionInViewTests,testOpenSessionInViewInterceptor/0,sessionFactory,4
/home/sandro/workspace/sandro/MLCQCodeSmellSamples/scripts/../dataset/spring-data-neo4j_bf5704c5f710656d30e93eae8b89ebedb1b920cc/spring-data-neo4j/src/test/java/org/springframework/data/neo4j/web/support/OpenSessionInViewTests.java,org.springframework.data.neo4j.web.support.OpenSessionInViewTests,testOpenSessionInViewInterceptorAsyncTimeoutScenario/0,request,3
/home/sandro/workspace/sandro/MLCQCodeSmellSamples/scripts/../dataset/spring-data-neo4j_bf5704c5f710656d30e93eae8b89ebedb1b920cc/spring-data-neo4j/src/test/java/org/springframework/data/neo4j/web/support/OpenSessionInViewTests.java,org.springframework.data.neo4j.web.support.OpenSessionInViewTests,testOpenSessionInViewInterceptorAsyncTimeoutScenario/0,webRequest,2
/home/sandro/workspace/sandro/MLCQCodeSmellSamples/scripts/../dataset/spring-data-neo4j_bf5704c5f710656d30e93eae8b89ebedb1b920cc/spring-data-neo4j/src/test/java/org/springframework/data/neo4j/web/support/OpenSessionInViewTests.java,org.springframework.data.neo4j.web.support.OpenSessionInViewTests,testOpenSessionInViewInterceptorAsyncTimeoutScenario/0,session,1
/home/sandro/workspace/sandro/MLCQCodeSmellSamples/scripts/../dataset/spring-data-neo4j_bf5704c5f710656d30e93eae8b89ebedb1b920cc/spring-data-neo4j/src/test/java/org/springframework/data/neo4j/web/support/OpenSessionInViewTests.java,org.springframework.data.neo4j.web.support.OpenSessionInViewTests,testOpenSessionInViewInterceptorAsyncTimeoutScenario/0,response,1
/home/sandro/workspace/sandro/MLCQCodeSmellSamples/scripts/../dataset/spring-data-neo4j_bf5704c5f710656d30e93eae8b89ebedb1b920cc/spring-data-neo4j/src/test/java/org/springframework/data/neo4j/web/support/OpenSessionInViewTests.java,org.springframework.data.neo4j.web.support.OpenSessionInViewTests,testOpenSessionInViewInterceptorAsyncTimeoutScenario/0,sessionFactory,4
/home/sandro/workspace/sandro/MLCQCodeSmellSamples/scripts/../dataset/spring-data-neo4j_bf5704c5f710656d30e93eae8b89ebedb1b920cc/spring-data-neo4j/src/test/java/org/springframework/data/neo4j/web/support/OpenSessionInViewTests.java,org.springframework.data.neo4j.web.support.OpenSessionInViewTests,setUp/0,request,3
/home/sandro/workspace/sandro/MLCQCodeSmellSamples/scripts/../dataset/spring-data-neo4j_bf5704c5f710656d30e93eae8b89ebedb1b920cc/spring-data-neo4j/src/test/java/org/springframework/data/neo4j/web/support/OpenSessionInViewTests.java,org.springframework.data.neo4j.web.support.OpenSessionInViewTests,setUp/0,webRequest,1
/home/sandro/workspace/sandro/MLCQCodeSmellSamples/scripts/../dataset/spring-data-neo4j_bf5704c5f710656d30e93eae8b89ebedb1b920cc/spring-data-neo4j/src/test/java/org/springframework/data/neo4j/web/support/OpenSessionInViewTests.java,org.springframework.data.neo4j.web.support.OpenSessionInViewTests,setUp/0,session,2
/home/sandro/workspace/sandro/MLCQCodeSmellSamples/scripts/../dataset/spring-data-neo4j_bf5704c5f710656d30e93eae8b89ebedb1b920cc/spring-data-neo4j/src/test/java/org/springframework/data/neo4j/web/support/OpenSessionInViewTests.java,org.springframework.data.neo4j.web.support.OpenSessionInViewTests,setUp/0,response,1
/home/sandro/workspace/sandro/MLCQCodeSmellSamples/scripts/../dataset/spring-data-neo4j_bf5704c5f710656d30e93eae8b89ebedb1b920cc/spring-data-neo4j/src/test/java/org/springframework/data/neo4j/web/support/OpenSessionInViewTests.java,org.springframework.data.neo4j.web.support.OpenSessionInViewTests,setUp/0,sessionFactory,2
/home/sandro/workspace/sandro/MLCQCodeSmellSamples/scripts/../dataset/spring-data-neo4j_bf5704c5f710656d30e93eae8b89ebedb1b920cc/spring-data-neo4j/src/test/java/org/springframework/data/neo4j/web/support/OpenSessionInViewTests.java,org.springframework.data.neo4j.web.support.OpenSessionInViewTests,testOpenSessionInViewFilter/0,sessionFactory,3
/home/sandro/workspace/sandro/MLCQCodeSmellSamples/scripts/../dataset/spring-data-neo4j_bf5704c5f710656d30e93eae8b89ebedb1b920cc/spring-data-neo4j/src/test/java/org/springframework/data/neo4j/web/support/OpenSessionInViewTests.java,org.springframework.data.neo4j.web.support.OpenSessionInViewTests,testOpenSessionInViewFilterAsyncScenario/0,request,4
/home/sandro/workspace/sandro/MLCQCodeSmellSamples/scripts/../dataset/spring-data-neo4j_bf5704c5f710656d30e93eae8b89ebedb1b920cc/spring-data-neo4j/src/test/java/org/springframework/data/neo4j/web/support/OpenSessionInViewTests.java,org.springframework.data.neo4j.web.support.OpenSessionInViewTests,testOpenSessionInViewFilterAsyncScenario/0,response,2
/home/sandro/workspace/sandro/MLCQCodeSmellSamples/scripts/../dataset/spring-data-neo4j_bf5704c5f710656d30e93eae8b89ebedb1b920cc/spring-data-neo4j/src/test/java/org/springframework/data/neo4j/web/support/OpenSessionInViewTests.java,org.springframework.data.neo4j.web.support.OpenSessionInViewTests,testOpenSessionInViewFilterAsyncScenario/0,sessionFactory,5
/home/sandro/workspace/sandro/MLCQCodeSmellSamples/scripts/../dataset/spring-data-neo4j_bf5704c5f710656d30e93eae8b89ebedb1b920cc/spring-data-neo4j/src/test/java/org/springframework/data/neo4j/repository/cdi/CdiExtensionTests.java,org.springframework.data.neo4j.repository.cdi.CdiExtensionTests,setUp/0,container,1
/home/sandro/workspace/sandro/MLCQCodeSmellSamples/scripts/../dataset/spring-data-neo4j_bf5704c5f710656d30e93eae8b89ebedb1b920cc/spring-data-neo4j/src/test/java/org/springframework/data/neo4j/repository/cdi/CdiExtensionTests.java,org.springframework.data.neo4j.repository.cdi.CdiExtensionTests,setUp/0,neo4jTestServer,1
/home/sandro/workspace/sandro/MLCQCodeSmellSamples/scripts/../dataset/spring-data-neo4j_bf5704c5f710656d30e93eae8b89ebedb1b920cc/spring-data-neo4j/src/test/java/org/springframework/data/neo4j/repository/cdi/CdiExtensionTests.java,org.springframework.data.neo4j.repository.cdi.CdiExtensionTests,repositoryWithQualifiersShouldWork/0,container,1
/home/sandro/workspace/sandro/MLCQCodeSmellSamples/scripts/../dataset/spring-data-neo4j_bf5704c5f710656d30e93eae8b89ebedb1b920cc/spring-data-neo4j/src/test/java/org/springframework/data/neo4j/repository/cdi/CdiExtensionTests.java,org.springframework.data.neo4j.repository.cdi.CdiExtensionTests,regularRepositoryShouldWork/0,container,1
/home/sandro/workspace/sandro/MLCQCodeSmellSamples/scripts/../dataset/spring-data-neo4j_bf5704c5f710656d30e93eae8b89ebedb1b920cc/spring-data-neo4j/src/test/java/org/springframework/data/neo4j/repository/cdi/CdiExtensionTests.java,org.springframework.data.neo4j.repository.cdi.CdiExtensionTests,tearDown/0,container,1
/home/sandro/workspace/sandro/MLCQCodeSmellSamples/scripts/../dataset/spring-data-neo4j_bf5704c5f710656d30e93eae8b89ebedb1b920cc/spring-data-neo4j/src/test/java/org/springframework/data/neo4j/repository/cdi/CdiExtensionTests.java,org.springframework.data.neo4j.repository.cdi.CdiExtensionTests,tearDown/0,neo4jTestServer,1
/home/sandro/workspace/sandro/MLCQCodeSmellSamples/scripts/../dataset/spring-data-neo4j_bf5704c5f710656d30e93eae8b89ebedb1b920cc/spring-data-neo4j/src/test/java/org/springframework/data/neo4j/repository/cdi/CdiExtensionTests.java,org.springframework.data.neo4j.repository.cdi.CdiExtensionTests,repositoryWithCustomImplementationShouldWork/0,container,1
/home/sandro/workspace/sandro/MLCQCodeSmellSamples/scripts/../dataset/spring-data-neo4j_bf5704c5f710656d30e93eae8b89ebedb1b920cc/spring-data-neo4j/src/test/java/org/springframework/data/neo4j/extensions/CustomGraphRepositoryTests.java,org.springframework.data.neo4j.extensions.CustomGraphRepositoryTests,shouldExposeCommonMethodOnExtendedRepository/0,repository,1
/home/sandro/workspace/sandro/MLCQCodeSmellSamples/scripts/../dataset/spring-data-neo4j_bf5704c5f710656d30e93eae8b89ebedb1b920cc/spring-data-neo4j/src/main/java/org/springframework/data/neo4j/repository/support/GraphEntityInformation.java,org.springframework.data.neo4j.repository.support.GraphEntityInformation,"GraphEntityInformation/2[org.springframework.data.neo4j.repository.support.MetaData,java.lang.Class<T>]",metaData,3
/home/sandro/workspace/sandro/MLCQCodeSmellSamples/scripts/../dataset/spring-data-neo4j_bf5704c5f710656d30e93eae8b89ebedb1b920cc/spring-data-neo4j/src/main/java/org/springframework/data/neo4j/repository/support/GraphEntityInformation.java,org.springframework.data.neo4j.repository.support.GraphEntityInformation,getId/1[T],metaData,1
/home/sandro/workspace/sandro/MLCQCodeSmellSamples/scripts/../dataset/spring-data-neo4j_bf5704c5f710656d30e93eae8b89ebedb1b920cc/spring-data-neo4j/src/main/java/org/springframework/data/neo4j/repository/support/GraphEntityInformation.java,org.springframework.data.neo4j.repository.support.GraphEntityInformation,getIdType/0,metaData,1
/home/sandro/workspace/sandro/MLCQCodeSmellSamples/scripts/../dataset/spring-data-neo4j_bf5704c5f710656d30e93eae8b89ebedb1b920cc/spring-data-neo4j/src/test/java/org/springframework/data/neo4j/integration/constructors/domain/PersonWithConverter.java,org.springframework.data.neo4j.integration.constructors.domain.PersonWithConverter,getName/0,name,1
/home/sandro/workspace/sandro/MLCQCodeSmellSamples/scripts/../dataset/spring-data-neo4j_bf5704c5f710656d30e93eae8b89ebedb1b920cc/spring-data-neo4j/src/test/java/org/springframework/data/neo4j/integration/constructors/domain/PersonWithConverter.java,org.springframework.data.neo4j.integration.constructors.domain.PersonWithConverter,getBirthDate/0,birthDate,1
/home/sandro/workspace/sandro/MLCQCodeSmellSamples/scripts/../dataset/spring-data-neo4j_bf5704c5f710656d30e93eae8b89ebedb1b920cc/spring-data-neo4j/src/test/java/org/springframework/data/neo4j/integration/constructors/domain/PersonWithConverter.java,org.springframework.data.neo4j.integration.constructors.domain.PersonWithConverter,"PersonWithConverter/2[java.lang.String,java.util.Date]",name,4
/home/sandro/workspace/sandro/MLCQCodeSmellSamples/scripts/../dataset/spring-data-neo4j_bf5704c5f710656d30e93eae8b89ebedb1b920cc/spring-data-neo4j/src/test/java/org/springframework/data/neo4j/integration/constructors/domain/PersonWithConverter.java,org.springframework.data.neo4j.integration.constructors.domain.PersonWithConverter,"PersonWithConverter/2[java.lang.String,java.util.Date]",birthDate,4
/home/sandro/workspace/sandro/MLCQCodeSmellSamples/scripts/../dataset/spring-data-neo4j_bf5704c5f710656d30e93eae8b89ebedb1b920cc/spring-data-neo4j/src/test/java/org/springframework/data/neo4j/transaction/TransactionalEventListenerTests.java,org.springframework.data.neo4j.transaction.TransactionalEventListenerTests$EventTransactionSynchronization,getOrder/0,order,1
/home/sandro/workspace/sandro/MLCQCodeSmellSamples/scripts/../dataset/spring-data-neo4j_bf5704c5f710656d30e93eae8b89ebedb1b920cc/spring-data-neo4j/src/test/java/org/springframework/data/neo4j/transaction/TransactionalEventListenerTests.java,org.springframework.data.neo4j.transaction.TransactionalEventListenerTests$EventTransactionSynchronization,EventTransactionSynchronization/1[int],order,3
/home/sandro/workspace/sandro/MLCQCodeSmellSamples/scripts/../dataset/spring-data-neo4j_bf5704c5f710656d30e93eae8b89ebedb1b920cc/spring-data-neo4j/src/main/java/org/springframework/data/neo4j/repository/query/GraphQueryExecution.java,org.springframework.data.neo4j.repository.query.GraphQueryExecution$ExistsByExecution,"execute/2[org.springframework.data.neo4j.repository.query.Query,java.lang.Class<?>]",session,2
/home/sandro/workspace/sandro/MLCQCodeSmellSamples/scripts/../dataset/spring-data-neo4j_bf5704c5f710656d30e93eae8b89ebedb1b920cc/spring-data-neo4j/src/main/java/org/springframework/data/neo4j/repository/query/GraphQueryExecution.java,org.springframework.data.neo4j.repository.query.GraphQueryExecution$ExistsByExecution,ExistsByExecution/1[org.springframework.data.neo4j.repository.query.Session],session,3
/home/sandro/workspace/sandro/MLCQCodeSmellSamples/scripts/../dataset/spring-data-neo4j_bf5704c5f710656d30e93eae8b89ebedb1b920cc/spring-data-neo4j/src/main/java/org/springframework/data/neo4j/repository/query/GraphQueryExecution.java,org.springframework.data.neo4j.repository.query.GraphQueryExecution$SingleEntityExecution,"SingleEntityExecution/2[org.springframework.data.neo4j.repository.query.Session,org.springframework.data.neo4j.repository.query.GraphParameterAccessor]",session,3
/home/sandro/workspace/sandro/MLCQCodeSmellSamples/scripts/../dataset/spring-data-neo4j_bf5704c5f710656d30e93eae8b89ebedb1b920cc/spring-data-neo4j/src/main/java/org/springframework/data/neo4j/repository/query/GraphQueryExecution.java,org.springframework.data.neo4j.repository.query.GraphQueryExecution$SingleEntityExecution,"SingleEntityExecution/2[org.springframework.data.neo4j.repository.query.Session,org.springframework.data.neo4j.repository.query.GraphParameterAccessor]",accessor,3
/home/sandro/workspace/sandro/MLCQCodeSmellSamples/scripts/../dataset/spring-data-neo4j_bf5704c5f710656d30e93eae8b89ebedb1b920cc/spring-data-neo4j/src/main/java/org/springframework/data/neo4j/repository/query/GraphQueryExecution.java,org.springframework.data.neo4j.repository.query.GraphQueryExecution$SingleEntityExecution,"execute/2[org.springframework.data.neo4j.repository.query.Query,java.lang.Class<?>]",session,3
/home/sandro/workspace/sandro/MLCQCodeSmellSamples/scripts/../dataset/spring-data-neo4j_bf5704c5f710656d30e93eae8b89ebedb1b920cc/spring-data-neo4j/src/main/java/org/springframework/data/neo4j/repository/query/GraphQueryExecution.java,org.springframework.data.neo4j.repository.query.GraphQueryExecution$SingleEntityExecution,"execute/2[org.springframework.data.neo4j.repository.query.Query,java.lang.Class<?>]",accessor,1
/home/sandro/workspace/sandro/MLCQCodeSmellSamples/scripts/../dataset/spring-data-neo4j_bf5704c5f710656d30e93eae8b89ebedb1b920cc/spring-data-neo4j/src/main/java/org/springframework/data/neo4j/repository/query/TemplatedQuery.java,org.springframework.data.neo4j.repository.query.TemplatedQuery,"createExecutableQuery/1[java.util.Map<java.lang.Integer,java.lang.Object>]",filterBuilders,1
/home/sandro/workspace/sandro/MLCQCodeSmellSamples/scripts/../dataset/spring-data-neo4j_bf5704c5f710656d30e93eae8b89ebedb1b920cc/spring-data-neo4j/src/main/java/org/springframework/data/neo4j/repository/query/TemplatedQuery.java,org.springframework.data.neo4j.repository.query.TemplatedQuery,TemplatedQuery/1[java.util.List<org.springframework.data.neo4j.repository.query.filter.FilterBuilder>],filterBuilders,3
/home/sandro/workspace/sandro/MLCQCodeSmellSamples/scripts/../dataset/spring-data-neo4j_bf5704c5f710656d30e93eae8b89ebedb1b920cc/spring-data-neo4j/src/main/java/org/springframework/data/neo4j/repository/cdi/Neo4jCdiRepositoryBean.java,org.springframework.data.neo4j.repository.cdi.Neo4jCdiRepositoryBean,"create/2[org.springframework.data.neo4j.repository.cdi.CreationalContext<T>,java.lang.Class<T>]",sessionBean,1
/home/sandro/workspace/sandro/MLCQCodeSmellSamples/scripts/../dataset/spring-data-neo4j_bf5704c5f710656d30e93eae8b89ebedb1b920cc/spring-data-neo4j/src/main/java/org/springframework/data/neo4j/repository/cdi/Neo4jCdiRepositoryBean.java,org.springframework.data.neo4j.repository.cdi.Neo4jCdiRepositoryBean,"Neo4jCdiRepositoryBean/5[org.springframework.data.neo4j.repository.cdi.Bean<org.springframework.data.neo4j.repository.cdi.Session>,java.util.Set<java.lang.annotation.Annotation>,java.lang.Class<T>,org.springframework.data.neo4j.repository.cdi.BeanManager,java.util.Optional<org.springframework.data.neo4j.repository.cdi.CustomRepositoryImplementationDetector>]",sessionBean,4
/home/sandro/workspace/sandro/MLCQCodeSmellSamples/scripts/../dataset/spring-data-neo4j_bf5704c5f710656d30e93eae8b89ebedb1b920cc/spring-data-neo4j/src/test/java/org/springframework/data/neo4j/examples/movies/domain/Actor.java,org.springframework.data.neo4j.examples.movies.domain.Actor,setId/1[java.lang.String],id,3
/home/sandro/workspace/sandro/MLCQCodeSmellSamples/scripts/../dataset/spring-data-neo4j_bf5704c5f710656d30e93eae8b89ebedb1b920cc/spring-data-neo4j/src/test/java/org/springframework/data/neo4j/examples/movies/domain/Actor.java,org.springframework.data.neo4j.examples.movies.domain.Actor,"Actor/2[java.lang.String,java.lang.String]",name,3
/home/sandro/workspace/sandro/MLCQCodeSmellSamples/scripts/../dataset/spring-data-neo4j_bf5704c5f710656d30e93eae8b89ebedb1b920cc/spring-data-neo4j/src/test/java/org/springframework/data/neo4j/examples/movies/domain/Actor.java,org.springframework.data.neo4j.examples.movies.domain.Actor,"Actor/2[java.lang.String,java.lang.String]",id,3
/home/sandro/workspace/sandro/MLCQCodeSmellSamples/scripts/../dataset/spring-data-neo4j_bf5704c5f710656d30e93eae8b89ebedb1b920cc/spring-data-neo4j/src/test/java/org/springframework/data/neo4j/examples/movies/domain/Actor.java,org.springframework.data.neo4j.examples.movies.domain.Actor,getName/0,name,1
/home/sandro/workspace/sandro/MLCQCodeSmellSamples/scripts/../dataset/spring-data-neo4j_bf5704c5f710656d30e93eae8b89ebedb1b920cc/spring-data-neo4j/src/test/java/org/springframework/data/neo4j/examples/movies/domain/Actor.java,org.springframework.data.neo4j.examples.movies.domain.Actor,setName/1[java.lang.String],name,3
/home/sandro/workspace/sandro/MLCQCodeSmellSamples/scripts/../dataset/spring-data-neo4j_bf5704c5f710656d30e93eae8b89ebedb1b920cc/spring-data-neo4j/src/test/java/org/springframework/data/neo4j/examples/movies/domain/Actor.java,org.springframework.data.neo4j.examples.movies.domain.Actor,getId/0,id,1
/home/sandro/workspace/sandro/MLCQCodeSmellSamples/scripts/../dataset/spring-data-neo4j_bf5704c5f710656d30e93eae8b89ebedb1b920cc/spring-data-neo4j/src/test/java/org/springframework/data/neo4j/web/domain/Cinema.java,org.springframework.data.neo4j.web.domain.Cinema,getName/0,name,1
/home/sandro/workspace/sandro/MLCQCodeSmellSamples/scripts/../dataset/spring-data-neo4j_bf5704c5f710656d30e93eae8b89ebedb1b920cc/spring-data-neo4j/src/test/java/org/springframework/data/neo4j/web/domain/Cinema.java,org.springframework.data.neo4j.web.domain.Cinema,addVisitor/1[org.springframework.data.neo4j.web.domain.User],visited,1
/home/sandro/workspace/sandro/MLCQCodeSmellSamples/scripts/../dataset/spring-data-neo4j_bf5704c5f710656d30e93eae8b89ebedb1b920cc/spring-data-neo4j/src/test/java/org/springframework/data/neo4j/web/domain/Cinema.java,org.springframework.data.neo4j.web.domain.Cinema,Cinema/1[java.lang.String],name,3
/home/sandro/workspace/sandro/MLCQCodeSmellSamples/scripts/../dataset/spring-data-neo4j_bf5704c5f710656d30e93eae8b89ebedb1b920cc/spring-data-neo4j/src/test/java/org/springframework/data/neo4j/web/domain/Cinema.java,org.springframework.data.neo4j.web.domain.Cinema,Cinema/1[java.lang.String],visited,1
/home/sandro/workspace/sandro/MLCQCodeSmellSamples/scripts/../dataset/spring-data-neo4j_bf5704c5f710656d30e93eae8b89ebedb1b920cc/spring-data-neo4j/src/test/java/org/springframework/data/neo4j/web/domain/Cinema.java,org.springframework.data.neo4j.web.domain.Cinema,Cinema/1[java.lang.String],uuid,1
/home/sandro/workspace/sandro/MLCQCodeSmellSamples/scripts/../dataset/spring-data-neo4j_bf5704c5f710656d30e93eae8b89ebedb1b920cc/spring-data-neo4j/src/test/java/org/springframework/data/neo4j/queries/QueryReturnTypesTests.java,org.springframework.data.neo4j.queries.QueryReturnTypesTests,shouldReturnStatisticsIfRequested/0,worldRepository,2
/home/sandro/workspace/sandro/MLCQCodeSmellSamples/scripts/../dataset/spring-data-neo4j_bf5704c5f710656d30e93eae8b89ebedb1b920cc/spring-data-neo4j/src/test/java/org/springframework/data/neo4j/queries/QueryReturnTypesTests.java,org.springframework.data.neo4j.queries.QueryReturnTypesTests,shouldCallExecuteWhenPrimitiveVoidReturnTypeOnQuery/0,session,1
/home/sandro/workspace/sandro/MLCQCodeSmellSamples/scripts/../dataset/spring-data-neo4j_bf5704c5f710656d30e93eae8b89ebedb1b920cc/spring-data-neo4j/src/test/java/org/springframework/data/neo4j/queries/QueryReturnTypesTests.java,org.springframework.data.neo4j.queries.QueryReturnTypesTests,shouldCallExecuteWhenPrimitiveVoidReturnTypeOnQuery/0,worldRepository,3
/home/sandro/workspace/sandro/MLCQCodeSmellSamples/scripts/../dataset/spring-data-neo4j_bf5704c5f710656d30e93eae8b89ebedb1b920cc/spring-data-neo4j/src/test/java/org/springframework/data/neo4j/queries/QueryReturnTypesTests.java,org.springframework.data.neo4j.queries.QueryReturnTypesTests,clearDatabase/0,graphDatabaseService,1
/home/sandro/workspace/sandro/MLCQCodeSmellSamples/scripts/../dataset/spring-data-neo4j_bf5704c5f710656d30e93eae8b89ebedb1b920cc/spring-data-neo4j/src/test/java/org/springframework/data/neo4j/queries/QueryReturnTypesTests.java,org.springframework.data.neo4j.queries.QueryReturnTypesTests,shouldCallExecuteWhenVoidReturnTypeOnQuery/0,session,1
/home/sandro/workspace/sandro/MLCQCodeSmellSamples/scripts/../dataset/spring-data-neo4j_bf5704c5f710656d30e93eae8b89ebedb1b920cc/spring-data-neo4j/src/test/java/org/springframework/data/neo4j/queries/QueryReturnTypesTests.java,org.springframework.data.neo4j.queries.QueryReturnTypesTests,shouldCallExecuteWhenVoidReturnTypeOnQuery/0,worldRepository,3
/home/sandro/workspace/sandro/MLCQCodeSmellSamples/scripts/../dataset/spring-data-neo4j_bf5704c5f710656d30e93eae8b89ebedb1b920cc/spring-data-neo4j/src/main/java/org/springframework/data/neo4j/repository/config/Neo4jRepositoryConfigurationExtension.java,org.springframework.data.neo4j.repository.config.Neo4jRepositoryConfigurationExtension,getModulePrefix/0,MODULE_PREFIX,1
/home/sandro/workspace/sandro/MLCQCodeSmellSamples/scripts/../dataset/spring-data-neo4j_bf5704c5f710656d30e93eae8b89ebedb1b920cc/spring-data-neo4j/src/main/java/org/springframework/data/neo4j/repository/config/Neo4jRepositoryConfigurationExtension.java,org.springframework.data.neo4j.repository.config.Neo4jRepositoryConfigurationExtension,getSessionFactoryBeanName/1[org.springframework.data.neo4j.repository.config.RepositoryConfigurationSource],DEFAULT_SESSION_FACTORY_BEAN_NAME,1
/home/sandro/workspace/sandro/MLCQCodeSmellSamples/scripts/../dataset/spring-data-neo4j_bf5704c5f710656d30e93eae8b89ebedb1b920cc/spring-data-neo4j/src/main/java/org/springframework/data/neo4j/repository/config/Neo4jRepositoryConfigurationExtension.java,org.springframework.data.neo4j.repository.config.Neo4jRepositoryConfigurationExtension,"registerWithGeneratedNameOrUseConfigured/4[org.springframework.data.neo4j.repository.config.AbstractBeanDefinition,org.springframework.data.neo4j.repository.config.BeanDefinitionRegistry,java.lang.String,java.lang.Object]",GENERATE_BEAN_NAME,2
/home/sandro/workspace/sandro/MLCQCodeSmellSamples/scripts/../dataset/spring-data-neo4j_bf5704c5f710656d30e93eae8b89ebedb1b920cc/spring-data-neo4j/src/main/java/org/springframework/data/neo4j/repository/config/Neo4jRepositoryConfigurationExtension.java,org.springframework.data.neo4j.repository.config.Neo4jRepositoryConfigurationExtension,"registerBeansForRoot/2[org.springframework.data.neo4j.repository.config.BeanDefinitionRegistry,org.springframework.data.neo4j.repository.config.RepositoryConfigurationSource]",sessionBeanName,1
/home/sandro/workspace/sandro/MLCQCodeSmellSamples/scripts/../dataset/spring-data-neo4j_bf5704c5f710656d30e93eae8b89ebedb1b920cc/spring-data-neo4j/src/main/java/org/springframework/data/neo4j/repository/config/Neo4jRepositoryConfigurationExtension.java,org.springframework.data.neo4j.repository.config.Neo4jRepositoryConfigurationExtension,"registerBeansForRoot/2[org.springframework.data.neo4j.repository.config.BeanDefinitionRegistry,org.springframework.data.neo4j.repository.config.RepositoryConfigurationSource]",GENERATE_BEAN_NAME,3
/home/sandro/workspace/sandro/MLCQCodeSmellSamples/scripts/../dataset/spring-data-neo4j_bf5704c5f710656d30e93eae8b89ebedb1b920cc/spring-data-neo4j/src/main/java/org/springframework/data/neo4j/repository/config/Neo4jRepositoryConfigurationExtension.java,org.springframework.data.neo4j.repository.config.Neo4jRepositoryConfigurationExtension,"registerBeansForRoot/2[org.springframework.data.neo4j.repository.config.BeanDefinitionRegistry,org.springframework.data.neo4j.repository.config.RepositoryConfigurationSource]",NEO4J_PERSISTENCE_EXCEPTION_TRANSLATOR_NAME,1
/home/sandro/workspace/sandro/MLCQCodeSmellSamples/scripts/../dataset/spring-data-neo4j_bf5704c5f710656d30e93eae8b89ebedb1b920cc/spring-data-neo4j/src/main/java/org/springframework/data/neo4j/repository/config/Neo4jRepositoryConfigurationExtension.java,org.springframework.data.neo4j.repository.config.Neo4jRepositoryConfigurationExtension,"registerBeansForRoot/2[org.springframework.data.neo4j.repository.config.BeanDefinitionRegistry,org.springframework.data.neo4j.repository.config.RepositoryConfigurationSource]",neo4jMappingContextBeanName,2
/home/sandro/workspace/sandro/MLCQCodeSmellSamples/scripts/../dataset/spring-data-neo4j_bf5704c5f710656d30e93eae8b89ebedb1b920cc/spring-data-neo4j/src/main/java/org/springframework/data/neo4j/repository/config/Neo4jRepositoryConfigurationExtension.java,org.springframework.data.neo4j.repository.config.Neo4jRepositoryConfigurationExtension,getModuleName/0,MODULE_NAME,1
/home/sandro/workspace/sandro/MLCQCodeSmellSamples/scripts/../dataset/spring-data-neo4j_bf5704c5f710656d30e93eae8b89ebedb1b920cc/spring-data-neo4j/src/main/java/org/springframework/data/neo4j/repository/config/Neo4jRepositoryConfigurationExtension.java,org.springframework.data.neo4j.repository.config.Neo4jRepositoryConfigurationExtension,"postProcess/2[org.springframework.data.neo4j.repository.config.BeanDefinitionBuilder,org.springframework.data.neo4j.repository.config.RepositoryConfigurationSource]",sessionBeanName,1
/home/sandro/workspace/sandro/MLCQCodeSmellSamples/scripts/../dataset/spring-data-neo4j_bf5704c5f710656d30e93eae8b89ebedb1b920cc/spring-data-neo4j/src/main/java/org/springframework/data/neo4j/repository/config/Neo4jRepositoryConfigurationExtension.java,org.springframework.data.neo4j.repository.config.Neo4jRepositoryConfigurationExtension,"postProcess/2[org.springframework.data.neo4j.repository.config.BeanDefinitionBuilder,org.springframework.data.neo4j.repository.config.RepositoryConfigurationSource]",neo4jMappingContextBeanName,1
/home/sandro/workspace/sandro/MLCQCodeSmellSamples/scripts/../dataset/spring-data-neo4j_bf5704c5f710656d30e93eae8b89ebedb1b920cc/spring-data-neo4j/src/main/java/org/springframework/data/neo4j/repository/config/Neo4jRepositoryConfigurationExtension.java,org.springframework.data.neo4j.repository.config.Neo4jRepositoryConfigurationExtension,"postProcess/2[org.springframework.data.neo4j.repository.config.BeanDefinitionBuilder,org.springframework.data.neo4j.repository.config.RepositoryConfigurationSource]",DEFAULT_TRANSACTION_MANAGER_BEAN_NAME,1
/home/sandro/workspace/sandro/MLCQCodeSmellSamples/scripts/../dataset/spring-data-neo4j_bf5704c5f710656d30e93eae8b89ebedb1b920cc/spring-data-neo4j/src/main/java/org/springframework/data/neo4j/repository/config/Neo4jRepositoryConfigurationExtension.java,org.springframework.data.neo4j.repository.config.Neo4jRepositoryConfigurationExtension,"postProcess/2[org.springframework.data.neo4j.repository.config.BeanDefinitionBuilder,org.springframework.data.neo4j.repository.config.XmlRepositoryConfigurationSource]",ENABLE_DEFAULT_TRANSACTIONS_ATTRIBUTE,2
/home/sandro/workspace/sandro/MLCQCodeSmellSamples/scripts/../dataset/spring-data-neo4j_bf5704c5f710656d30e93eae8b89ebedb1b920cc/spring-data-neo4j/src/main/java/org/springframework/data/neo4j/repository/config/Neo4jRepositoryConfigurationExtension.java,org.springframework.data.neo4j.repository.config.Neo4jRepositoryConfigurationExtension,"postProcess/2[org.springframework.data.neo4j.repository.config.BeanDefinitionBuilder,org.springframework.data.neo4j.repository.config.AnnotationRepositoryConfigurationSource]",ENABLE_DEFAULT_TRANSACTIONS_ATTRIBUTE,2
/home/sandro/workspace/sandro/MLCQCodeSmellSamples/scripts/../dataset/spring-data-neo4j_bf5704c5f710656d30e93eae8b89ebedb1b920cc/spring-data-neo4j/src/test/java/org/springframework/data/neo4j/examples/movies/domain/Rating.java,org.springframework.data.neo4j.examples.movies.domain.Rating,setStars/1[int],stars,3
/home/sandro/workspace/sandro/MLCQCodeSmellSamples/scripts/../dataset/spring-data-neo4j_bf5704c5f710656d30e93eae8b89ebedb1b920cc/spring-data-neo4j/src/test/java/org/springframework/data/neo4j/examples/movies/domain/Rating.java,org.springframework.data.neo4j.examples.movies.domain.Rating,getUser/0,user,1
/home/sandro/workspace/sandro/MLCQCodeSmellSamples/scripts/../dataset/spring-data-neo4j_bf5704c5f710656d30e93eae8b89ebedb1b920cc/spring-data-neo4j/src/test/java/org/springframework/data/neo4j/examples/movies/domain/Rating.java,org.springframework.data.neo4j.examples.movies.domain.Rating,compareTo/1[java.lang.Object],stars,2
/home/sandro/workspace/sandro/MLCQCodeSmellSamples/scripts/../dataset/spring-data-neo4j_bf5704c5f710656d30e93eae8b89ebedb1b920cc/spring-data-neo4j/src/test/java/org/springframework/data/neo4j/examples/movies/domain/Rating.java,org.springframework.data.neo4j.examples.movies.domain.Rating,"Rating/4[org.springframework.data.neo4j.examples.movies.domain.User,org.springframework.data.neo4j.examples.movies.domain.TempMovie,int,java.lang.String]",movie,3
/home/sandro/workspace/sandro/MLCQCodeSmellSamples/scripts/../dataset/spring-data-neo4j_bf5704c5f710656d30e93eae8b89ebedb1b920cc/spring-data-neo4j/src/test/java/org/springframework/data/neo4j/examples/movies/domain/Rating.java,org.springframework.data.neo4j.examples.movies.domain.Rating,"Rating/4[org.springframework.data.neo4j.examples.movies.domain.User,org.springframework.data.neo4j.examples.movies.domain.TempMovie,int,java.lang.String]",comment,3
/home/sandro/workspace/sandro/MLCQCodeSmellSamples/scripts/../dataset/spring-data-neo4j_bf5704c5f710656d30e93eae8b89ebedb1b920cc/spring-data-neo4j/src/test/java/org/springframework/data/neo4j/examples/movies/domain/Rating.java,org.springframework.data.neo4j.examples.movies.domain.Rating,"Rating/4[org.springframework.data.neo4j.examples.movies.domain.User,org.springframework.data.neo4j.examples.movies.domain.TempMovie,int,java.lang.String]",stars,3
/home/sandro/workspace/sandro/MLCQCodeSmellSamples/scripts/../dataset/spring-data-neo4j_bf5704c5f710656d30e93eae8b89ebedb1b920cc/spring-data-neo4j/src/test/java/org/springframework/data/neo4j/examples/movies/domain/Rating.java,org.springframework.data.neo4j.examples.movies.domain.Rating,"Rating/4[org.springframework.data.neo4j.examples.movies.domain.User,org.springframework.data.neo4j.examples.movies.domain.TempMovie,int,java.lang.String]",user,3
/home/sandro/workspace/sandro/MLCQCodeSmellSamples/scripts/../dataset/spring-data-neo4j_bf5704c5f710656d30e93eae8b89ebedb1b920cc/spring-data-neo4j/src/test/java/org/springframework/data/neo4j/examples/movies/domain/Rating.java,org.springframework.data.neo4j.examples.movies.domain.Rating,setComment/1[java.lang.String],comment,3
/home/sandro/workspace/sandro/MLCQCodeSmellSamples/scripts/../dataset/spring-data-neo4j_bf5704c5f710656d30e93eae8b89ebedb1b920cc/spring-data-neo4j/src/test/java/org/springframework/data/neo4j/examples/movies/domain/Rating.java,org.springframework.data.neo4j.examples.movies.domain.Rating,getMovie/0,movie,1
/home/sandro/workspace/sandro/MLCQCodeSmellSamples/scripts/../dataset/spring-data-neo4j_bf5704c5f710656d30e93eae8b89ebedb1b920cc/spring-data-neo4j/src/test/java/org/springframework/data/neo4j/examples/movies/domain/Rating.java,org.springframework.data.neo4j.examples.movies.domain.Rating,getStars/0,stars,1
/home/sandro/workspace/sandro/MLCQCodeSmellSamples/scripts/../dataset/spring-data-neo4j_bf5704c5f710656d30e93eae8b89ebedb1b920cc/spring-data-neo4j/src/test/java/org/springframework/data/neo4j/examples/movies/domain/Rating.java,org.springframework.data.neo4j.examples.movies.domain.Rating,getId/0,id,1
/home/sandro/workspace/sandro/MLCQCodeSmellSamples/scripts/../dataset/spring-data-neo4j_bf5704c5f710656d30e93eae8b89ebedb1b920cc/spring-data-neo4j/src/test/java/org/springframework/data/neo4j/examples/movies/domain/Rating.java,org.springframework.data.neo4j.examples.movies.domain.Rating,setRatingTimestamp/1[long],ratingTimestamp,3
/home/sandro/workspace/sandro/MLCQCodeSmellSamples/scripts/../dataset/spring-data-neo4j_bf5704c5f710656d30e93eae8b89ebedb1b920cc/spring-data-neo4j/src/test/java/org/springframework/data/neo4j/examples/movies/domain/Rating.java,org.springframework.data.neo4j.examples.movies.domain.Rating,getComment/0,comment,1
/home/sandro/workspace/sandro/MLCQCodeSmellSamples/scripts/../dataset/spring-data-neo4j_bf5704c5f710656d30e93eae8b89ebedb1b920cc/spring-data-neo4j/src/test/java/org/springframework/data/neo4j/examples/movies/domain/Rating.java,org.springframework.data.neo4j.examples.movies.domain.Rating,getRatingTimestamp/0,ratingTimestamp,1
/home/sandro/workspace/sandro/MLCQCodeSmellSamples/scripts/../dataset/spring-data-neo4j_bf5704c5f710656d30e93eae8b89ebedb1b920cc/spring-data-neo4j/src/test/java/org/springframework/data/neo4j/examples/movies/domain/Rating.java,org.springframework.data.neo4j.examples.movies.domain.Rating,setMovie/1[org.springframework.data.neo4j.examples.movies.domain.TempMovie],movie,3
/home/sandro/workspace/sandro/MLCQCodeSmellSamples/scripts/../dataset/spring-data-neo4j_bf5704c5f710656d30e93eae8b89ebedb1b920cc/spring-data-neo4j/src/test/java/org/springframework/data/neo4j/examples/movies/domain/Rating.java,org.springframework.data.neo4j.examples.movies.domain.Rating,setUser/1[org.springframework.data.neo4j.examples.movies.domain.User],user,3
/home/sandro/workspace/sandro/MLCQCodeSmellSamples/scripts/../dataset/spring-data-neo4j_bf5704c5f710656d30e93eae8b89ebedb1b920cc/spring-data-neo4j/src/test/java/org/springframework/data/neo4j/web/domain/Genre.java,org.springframework.data.neo4j.web.domain.Genre,setName/1[java.lang.String],name,3
/home/sandro/workspace/sandro/MLCQCodeSmellSamples/scripts/../dataset/spring-data-neo4j_bf5704c5f710656d30e93eae8b89ebedb1b920cc/spring-data-neo4j/src/test/java/org/springframework/data/neo4j/web/domain/Genre.java,org.springframework.data.neo4j.web.domain.Genre,Genre/1[java.lang.String],name,3
/home/sandro/workspace/sandro/MLCQCodeSmellSamples/scripts/../dataset/spring-data-neo4j_bf5704c5f710656d30e93eae8b89ebedb1b920cc/spring-data-neo4j/src/test/java/org/springframework/data/neo4j/web/domain/Genre.java,org.springframework.data.neo4j.web.domain.Genre,Genre/1[java.lang.String],uuid,1
/home/sandro/workspace/sandro/MLCQCodeSmellSamples/scripts/../dataset/spring-data-neo4j_bf5704c5f710656d30e93eae8b89ebedb1b920cc/spring-data-neo4j/src/test/java/org/springframework/data/neo4j/web/domain/Genre.java,org.springframework.data.neo4j.web.domain.Genre,getId/0,id,1
/home/sandro/workspace/sandro/MLCQCodeSmellSamples/scripts/../dataset/spring-data-neo4j_bf5704c5f710656d30e93eae8b89ebedb1b920cc/spring-data-neo4j/src/test/java/org/springframework/data/neo4j/web/domain/Genre.java,org.springframework.data.neo4j.web.domain.Genre,getName/0,name,1
/home/sandro/workspace/sandro/MLCQCodeSmellSamples/scripts/../dataset/spring-data-neo4j_bf5704c5f710656d30e93eae8b89ebedb1b920cc/spring-data-neo4j/src/test/java/org/springframework/data/neo4j/examples/friends/FriendTests.java,org.springframework.data.neo4j.examples.friends.FriendTests,savingPersonWhenTransactionalShouldWork/0,session,2
/home/sandro/workspace/sandro/MLCQCodeSmellSamples/scripts/../dataset/spring-data-neo4j_bf5704c5f710656d30e93eae8b89ebedb1b920cc/spring-data-neo4j/src/test/java/org/springframework/data/neo4j/examples/friends/FriendTests.java,org.springframework.data.neo4j.examples.friends.FriendTests,savingPersonWhenTransactionalShouldWork/0,friendService,1
/home/sandro/workspace/sandro/MLCQCodeSmellSamples/scripts/../dataset/spring-data-neo4j_bf5704c5f710656d30e93eae8b89ebedb1b920cc/spring-data-neo4j/src/test/java/org/springframework/data/neo4j/examples/friends/FriendTests.java,org.springframework.data.neo4j.examples.friends.FriendTests,cleanUpDatabase/0,graphDatabaseService,1
/home/sandro/workspace/sandro/MLCQCodeSmellSamples/scripts/../dataset/spring-data-neo4j_bf5704c5f710656d30e93eae8b89ebedb1b920cc/spring-data-neo4j/src/test/java/org/springframework/data/neo4j/examples/friends/FriendTests.java,org.springframework.data.neo4j.examples.friends.FriendTests,circularParametersShouldNotProduceInfiniteRecursion/0,session,3
/home/sandro/workspace/sandro/MLCQCodeSmellSamples/scripts/../dataset/spring-data-neo4j_bf5704c5f710656d30e93eae8b89ebedb1b920cc/spring-data-neo4j/src/test/java/org/springframework/data/neo4j/examples/friends/FriendTests.java,org.springframework.data.neo4j.examples.friends.FriendTests,circularParametersShouldNotProduceInfiniteRecursion/0,friendshipRepository,1
/home/sandro/workspace/sandro/MLCQCodeSmellSamples/scripts/../dataset/spring-data-neo4j_bf5704c5f710656d30e93eae8b89ebedb1b920cc/spring-data-neo4j/src/test/java/org/springframework/data/neo4j/domain/sample/User.java,org.springframework.data.neo4j.domain.sample.User,setFirstname/1[java.lang.String],firstname,4
/home/sandro/workspace/sandro/MLCQCodeSmellSamples/scripts/../dataset/spring-data-neo4j_bf5704c5f710656d30e93eae8b89ebedb1b920cc/spring-data-neo4j/src/test/java/org/springframework/data/neo4j/domain/sample/User.java,org.springframework.data.neo4j.domain.sample.User,setLastname/1[java.lang.String],lastname,4
/home/sandro/workspace/sandro/MLCQCodeSmellSamples/scripts/../dataset/spring-data-neo4j_bf5704c5f710656d30e93eae8b89ebedb1b920cc/spring-data-neo4j/src/test/java/org/springframework/data/neo4j/domain/sample/User.java,org.springframework.data.neo4j.domain.sample.User,getCreatedAt/0,createdAt,1
/home/sandro/workspace/sandro/MLCQCodeSmellSamples/scripts/../dataset/spring-data-neo4j_bf5704c5f710656d30e93eae8b89ebedb1b920cc/spring-data-neo4j/src/test/java/org/springframework/data/neo4j/domain/sample/User.java,org.springframework.data.neo4j.domain.sample.User,getAge/0,age,1
/home/sandro/workspace/sandro/MLCQCodeSmellSamples/scripts/../dataset/spring-data-neo4j_bf5704c5f710656d30e93eae8b89ebedb1b920cc/spring-data-neo4j/src/test/java/org/springframework/data/neo4j/domain/sample/User.java,org.springframework.data.neo4j.domain.sample.User,getManager/0,manager,1
/home/sandro/workspace/sandro/MLCQCodeSmellSamples/scripts/../dataset/spring-data-neo4j_bf5704c5f710656d30e93eae8b89ebedb1b920cc/spring-data-neo4j/src/test/java/org/springframework/data/neo4j/domain/sample/User.java,org.springframework.data.neo4j.domain.sample.User,getAddress/0,address,1
/home/sandro/workspace/sandro/MLCQCodeSmellSamples/scripts/../dataset/spring-data-neo4j_bf5704c5f710656d30e93eae8b89ebedb1b920cc/spring-data-neo4j/src/test/java/org/springframework/data/neo4j/domain/sample/User.java,org.springframework.data.neo4j.domain.sample.User,setAttributes/1[java.util.Set<java.lang.String>],attributes,4
/home/sandro/workspace/sandro/MLCQCodeSmellSamples/scripts/../dataset/spring-data-neo4j_bf5704c5f710656d30e93eae8b89ebedb1b920cc/spring-data-neo4j/src/test/java/org/springframework/data/neo4j/domain/sample/User.java,org.springframework.data.neo4j.domain.sample.User,addColleague/1[org.springframework.data.neo4j.domain.sample.User],colleagues,1
/home/sandro/workspace/sandro/MLCQCodeSmellSamples/scripts/../dataset/spring-data-neo4j_bf5704c5f710656d30e93eae8b89ebedb1b920cc/spring-data-neo4j/src/test/java/org/springframework/data/neo4j/domain/sample/User.java,org.springframework.data.neo4j.domain.sample.User,removeRole/1[org.springframework.data.neo4j.domain.sample.Role],roles,1
/home/sandro/workspace/sandro/MLCQCodeSmellSamples/scripts/../dataset/spring-data-neo4j_bf5704c5f710656d30e93eae8b89ebedb1b920cc/spring-data-neo4j/src/test/java/org/springframework/data/neo4j/domain/sample/User.java,org.springframework.data.neo4j.domain.sample.User,setEmailAddress/1[java.lang.String],emailAddress,4
/home/sandro/workspace/sandro/MLCQCodeSmellSamples/scripts/../dataset/spring-data-neo4j_bf5704c5f710656d30e93eae8b89ebedb1b920cc/spring-data-neo4j/src/test/java/org/springframework/data/neo4j/domain/sample/User.java,org.springframework.data.neo4j.domain.sample.User,getLastname/0,lastname,1
/home/sandro/workspace/sandro/MLCQCodeSmellSamples/scripts/../dataset/spring-data-neo4j_bf5704c5f710656d30e93eae8b89ebedb1b920cc/spring-data-neo4j/src/test/java/org/springframework/data/neo4j/domain/sample/User.java,org.springframework.data.neo4j.domain.sample.User,isActive/0,active,1
/home/sandro/workspace/sandro/MLCQCodeSmellSamples/scripts/../dataset/spring-data-neo4j_bf5704c5f710656d30e93eae8b89ebedb1b920cc/spring-data-neo4j/src/test/java/org/springframework/data/neo4j/domain/sample/User.java,org.springframework.data.neo4j.domain.sample.User,setAddress/1[org.springframework.data.neo4j.domain.sample.Address],address,4
/home/sandro/workspace/sandro/MLCQCodeSmellSamples/scripts/../dataset/spring-data-neo4j_bf5704c5f710656d30e93eae8b89ebedb1b920cc/spring-data-neo4j/src/test/java/org/springframework/data/neo4j/domain/sample/User.java,org.springframework.data.neo4j.domain.sample.User,setDateOfBirth/1[java.util.Date],dateOfBirth,3
/home/sandro/workspace/sandro/MLCQCodeSmellSamples/scripts/../dataset/spring-data-neo4j_bf5704c5f710656d30e93eae8b89ebedb1b920cc/spring-data-neo4j/src/test/java/org/springframework/data/neo4j/domain/sample/User.java,org.springframework.data.neo4j.domain.sample.User,getId/0,id,1
/home/sandro/workspace/sandro/MLCQCodeSmellSamples/scripts/../dataset/spring-data-neo4j_bf5704c5f710656d30e93eae8b89ebedb1b920cc/spring-data-neo4j/src/test/java/org/springframework/data/neo4j/domain/sample/User.java,org.springframework.data.neo4j.domain.sample.User,getEmailAddress/0,emailAddress,1
/home/sandro/workspace/sandro/MLCQCodeSmellSamples/scripts/../dataset/spring-data-neo4j_bf5704c5f710656d30e93eae8b89ebedb1b920cc/spring-data-neo4j/src/test/java/org/springframework/data/neo4j/domain/sample/User.java,org.springframework.data.neo4j.domain.sample.User,setActive/1[boolean],active,4
/home/sandro/workspace/sandro/MLCQCodeSmellSamples/scripts/../dataset/spring-data-neo4j_bf5704c5f710656d30e93eae8b89ebedb1b920cc/spring-data-neo4j/src/test/java/org/springframework/data/neo4j/domain/sample/User.java,org.springframework.data.neo4j.domain.sample.User,addRole/1[org.springframework.data.neo4j.domain.sample.Role],roles,1
/home/sandro/workspace/sandro/MLCQCodeSmellSamples/scripts/../dataset/spring-data-neo4j_bf5704c5f710656d30e93eae8b89ebedb1b920cc/spring-data-neo4j/src/test/java/org/springframework/data/neo4j/domain/sample/User.java,org.springframework.data.neo4j.domain.sample.User,getColleagues/0,colleagues,1
/home/sandro/workspace/sandro/MLCQCodeSmellSamples/scripts/../dataset/spring-data-neo4j_bf5704c5f710656d30e93eae8b89ebedb1b920cc/spring-data-neo4j/src/test/java/org/springframework/data/neo4j/domain/sample/User.java,org.springframework.data.neo4j.domain.sample.User,getRoles/0,roles,1
/home/sandro/workspace/sandro/MLCQCodeSmellSamples/scripts/../dataset/spring-data-neo4j_bf5704c5f710656d30e93eae8b89ebedb1b920cc/spring-data-neo4j/src/test/java/org/springframework/data/neo4j/domain/sample/User.java,org.springframework.data.neo4j.domain.sample.User,getDateOfBirth/0,dateOfBirth,1
/home/sandro/workspace/sandro/MLCQCodeSmellSamples/scripts/../dataset/spring-data-neo4j_bf5704c5f710656d30e93eae8b89ebedb1b920cc/spring-data-neo4j/src/test/java/org/springframework/data/neo4j/domain/sample/User.java,org.springframework.data.neo4j.domain.sample.User,getAttributes/0,attributes,1
/home/sandro/workspace/sandro/MLCQCodeSmellSamples/scripts/../dataset/spring-data-neo4j_bf5704c5f710656d30e93eae8b89ebedb1b920cc/spring-data-neo4j/src/test/java/org/springframework/data/neo4j/domain/sample/User.java,org.springframework.data.neo4j.domain.sample.User,getFirstname/0,firstname,1
/home/sandro/workspace/sandro/MLCQCodeSmellSamples/scripts/../dataset/spring-data-neo4j_bf5704c5f710656d30e93eae8b89ebedb1b920cc/spring-data-neo4j/src/test/java/org/springframework/data/neo4j/domain/sample/User.java,org.springframework.data.neo4j.domain.sample.User,setAge/1[int],age,4
/home/sandro/workspace/sandro/MLCQCodeSmellSamples/scripts/../dataset/spring-data-neo4j_bf5704c5f710656d30e93eae8b89ebedb1b920cc/spring-data-neo4j/src/test/java/org/springframework/data/neo4j/domain/sample/User.java,org.springframework.data.neo4j.domain.sample.User,setManager/1[org.springframework.data.neo4j.domain.sample.User],manager,4
/home/sandro/workspace/sandro/MLCQCodeSmellSamples/scripts/../dataset/spring-data-neo4j_bf5704c5f710656d30e93eae8b89ebedb1b920cc/spring-data-neo4j/src/test/java/org/springframework/data/neo4j/domain/sample/User.java,org.springframework.data.neo4j.domain.sample.User,"User/4[java.lang.String,java.lang.String,java.lang.String,org.springframework.data.neo4j.domain.sample.Role[]]",createdAt,1
/home/sandro/workspace/sandro/MLCQCodeSmellSamples/scripts/../dataset/spring-data-neo4j_bf5704c5f710656d30e93eae8b89ebedb1b920cc/spring-data-neo4j/src/test/java/org/springframework/data/neo4j/domain/sample/User.java,org.springframework.data.neo4j.domain.sample.User,"User/4[java.lang.String,java.lang.String,java.lang.String,org.springframework.data.neo4j.domain.sample.Role[]]",firstname,4
/home/sandro/workspace/sandro/MLCQCodeSmellSamples/scripts/../dataset/spring-data-neo4j_bf5704c5f710656d30e93eae8b89ebedb1b920cc/spring-data-neo4j/src/test/java/org/springframework/data/neo4j/domain/sample/User.java,org.springframework.data.neo4j.domain.sample.User,"User/4[java.lang.String,java.lang.String,java.lang.String,org.springframework.data.neo4j.domain.sample.Role[]]",emailAddress,4
/home/sandro/workspace/sandro/MLCQCodeSmellSamples/scripts/../dataset/spring-data-neo4j_bf5704c5f710656d30e93eae8b89ebedb1b920cc/spring-data-neo4j/src/test/java/org/springframework/data/neo4j/domain/sample/User.java,org.springframework.data.neo4j.domain.sample.User,"User/4[java.lang.String,java.lang.String,java.lang.String,org.springframework.data.neo4j.domain.sample.Role[]]",roles,4
/home/sandro/workspace/sandro/MLCQCodeSmellSamples/scripts/../dataset/spring-data-neo4j_bf5704c5f710656d30e93eae8b89ebedb1b920cc/spring-data-neo4j/src/test/java/org/springframework/data/neo4j/domain/sample/User.java,org.springframework.data.neo4j.domain.sample.User,"User/4[java.lang.String,java.lang.String,java.lang.String,org.springframework.data.neo4j.domain.sample.Role[]]",colleagues,1
/home/sandro/workspace/sandro/MLCQCodeSmellSamples/scripts/../dataset/spring-data-neo4j_bf5704c5f710656d30e93eae8b89ebedb1b920cc/spring-data-neo4j/src/test/java/org/springframework/data/neo4j/domain/sample/User.java,org.springframework.data.neo4j.domain.sample.User,"User/4[java.lang.String,java.lang.String,java.lang.String,org.springframework.data.neo4j.domain.sample.Role[]]",active,1
/home/sandro/workspace/sandro/MLCQCodeSmellSamples/scripts/../dataset/spring-data-neo4j_bf5704c5f710656d30e93eae8b89ebedb1b920cc/spring-data-neo4j/src/test/java/org/springframework/data/neo4j/domain/sample/User.java,org.springframework.data.neo4j.domain.sample.User,"User/4[java.lang.String,java.lang.String,java.lang.String,org.springframework.data.neo4j.domain.sample.Role[]]",attributes,1
/home/sandro/workspace/sandro/MLCQCodeSmellSamples/scripts/../dataset/spring-data-neo4j_bf5704c5f710656d30e93eae8b89ebedb1b920cc/spring-data-neo4j/src/test/java/org/springframework/data/neo4j/domain/sample/User.java,org.springframework.data.neo4j.domain.sample.User,"User/4[java.lang.String,java.lang.String,java.lang.String,org.springframework.data.neo4j.domain.sample.Role[]]",lastname,4
/home/sandro/workspace/sandro/MLCQCodeSmellSamples/scripts/../dataset/spring-data-neo4j_bf5704c5f710656d30e93eae8b89ebedb1b920cc/spring-data-neo4j/src/test/java/org/springframework/data/neo4j/domain/sample/User.java,org.springframework.data.neo4j.domain.sample.User,setId/1[java.lang.Long],id,4
/home/sandro/workspace/sandro/MLCQCodeSmellSamples/scripts/../dataset/spring-data-neo4j_bf5704c5f710656d30e93eae8b89ebedb1b920cc/spring-data-neo4j/src/test/java/org/springframework/data/neo4j/domain/sample/User.java,org.springframework.data.neo4j.domain.sample.User,getBinaryData/0,binaryData,1
/home/sandro/workspace/sandro/MLCQCodeSmellSamples/scripts/../dataset/spring-data-neo4j_bf5704c5f710656d30e93eae8b89ebedb1b920cc/spring-data-neo4j/src/test/java/org/springframework/data/neo4j/domain/sample/User.java,org.springframework.data.neo4j.domain.sample.User,setBinaryData/1[byte[]],binaryData,4
/home/sandro/workspace/sandro/MLCQCodeSmellSamples/scripts/../dataset/spring-data-neo4j_bf5704c5f710656d30e93eae8b89ebedb1b920cc/spring-data-neo4j/src/test/java/org/springframework/data/neo4j/domain/sample/User.java,org.springframework.data.neo4j.domain.sample.User,removeColleague/1[org.springframework.data.neo4j.domain.sample.User],colleagues,1
/home/sandro/workspace/sandro/MLCQCodeSmellSamples/scripts/../dataset/spring-data-neo4j_bf5704c5f710656d30e93eae8b89ebedb1b920cc/spring-data-neo4j/src/test/java/org/springframework/data/neo4j/transaction/TransactionalEventListenerTests.java,org.springframework.data.neo4j.transaction.TransactionalEventListenerTests$BaseTransactionalTestListener,"handleEvent/2[java.lang.String,java.lang.String]",FAIL_MSG,1
/home/sandro/workspace/sandro/MLCQCodeSmellSamples/scripts/../dataset/spring-data-neo4j_bf5704c5f710656d30e93eae8b89ebedb1b920cc/spring-data-neo4j/src/test/java/org/springframework/data/neo4j/transaction/TransactionalEventListenerTests.java,org.springframework.data.neo4j.transaction.TransactionalEventListenerTests$BaseTransactionalTestListener,"handleEvent/2[java.lang.String,java.lang.String]",eventCollector,1
/home/sandro/workspace/sandro/MLCQCodeSmellSamples/scripts/../dataset/spring-data-neo4j_bf5704c5f710656d30e93eae8b89ebedb1b920cc/spring-data-neo4j/src/main/java/org/springframework/data/neo4j/repository/query/GraphParametersParameterAccessor.java,org.springframework.data.neo4j.repository.query.GraphParametersParameterAccessor,getDepth/0,method,2
/home/sandro/workspace/sandro/MLCQCodeSmellSamples/scripts/../dataset/spring-data-neo4j_bf5704c5f710656d30e93eae8b89ebedb1b920cc/spring-data-neo4j/src/main/java/org/springframework/data/neo4j/repository/query/GraphParametersParameterAccessor.java,org.springframework.data.neo4j.repository.query.GraphParametersParameterAccessor,getDepth/0,DEFAULT_QUERY_DEPTH,2
/home/sandro/workspace/sandro/MLCQCodeSmellSamples/scripts/../dataset/spring-data-neo4j_bf5704c5f710656d30e93eae8b89ebedb1b920cc/spring-data-neo4j/src/main/java/org/springframework/data/neo4j/repository/query/GraphParametersParameterAccessor.java,org.springframework.data.neo4j.repository.query.GraphParametersParameterAccessor,"GraphParametersParameterAccessor/2[org.springframework.data.neo4j.repository.query.GraphQueryMethod,java.lang.Object[]]",method,5
/home/sandro/workspace/sandro/MLCQCodeSmellSamples/scripts/../dataset/spring-data-neo4j_bf5704c5f710656d30e93eae8b89ebedb1b920cc/spring-data-neo4j/src/test/java/org/springframework/data/neo4j/conversion/support/ConvertedClass.java,org.springframework.data.neo4j.conversion.support.ConvertedClass,getValue/0,value,1
/home/sandro/workspace/sandro/MLCQCodeSmellSamples/scripts/../dataset/spring-data-neo4j_bf5704c5f710656d30e93eae8b89ebedb1b920cc/spring-data-neo4j/src/test/java/org/springframework/data/neo4j/conversion/support/ConvertedClass.java,org.springframework.data.neo4j.conversion.support.ConvertedClass,setValue/1[java.lang.String],value,3
/home/sandro/workspace/sandro/MLCQCodeSmellSamples/scripts/../dataset/spring-data-neo4j_bf5704c5f710656d30e93eae8b89ebedb1b920cc/spring-data-neo4j/src/test/java/org/springframework/data/neo4j/queries/ProjectionTests.java,org.springframework.data.neo4j.queries.ProjectionTests,shouldFindCinemasWithoutRatings/0,cinemaRepository,1
/home/sandro/workspace/sandro/MLCQCodeSmellSamples/scripts/../dataset/spring-data-neo4j_bf5704c5f710656d30e93eae8b89ebedb1b920cc/spring-data-neo4j/src/test/java/org/springframework/data/neo4j/queries/ProjectionTests.java,org.springframework.data.neo4j.queries.ProjectionTests,shouldFindCinemasOrderByWithoutRatings/0,cinemaRepository,2
/home/sandro/workspace/sandro/MLCQCodeSmellSamples/scripts/../dataset/spring-data-neo4j_bf5704c5f710656d30e93eae8b89ebedb1b920cc/spring-data-neo4j/src/test/java/org/springframework/data/neo4j/queries/ProjectionTests.java,org.springframework.data.neo4j.queries.ProjectionTests,shouldFindCinemasWithoutUsersAndCustomDepth/0,cinemaRepository,1
/home/sandro/workspace/sandro/MLCQCodeSmellSamples/scripts/../dataset/spring-data-neo4j_bf5704c5f710656d30e93eae8b89ebedb1b920cc/spring-data-neo4j/src/test/java/org/springframework/data/neo4j/queries/ProjectionTests.java,org.springframework.data.neo4j.queries.ProjectionTests,shouldFindCinemaWithOpenProjection/0,cinemaRepository,1
/home/sandro/workspace/sandro/MLCQCodeSmellSamples/scripts/../dataset/spring-data-neo4j_bf5704c5f710656d30e93eae8b89ebedb1b920cc/spring-data-neo4j/src/main/java/org/springframework/data/neo4j/mapping/Neo4jPersistentProperty.java,org.springframework.data.neo4j.mapping.Neo4jPersistentProperty,getPropertyType/0,propertyType,1
/home/sandro/workspace/sandro/MLCQCodeSmellSamples/scripts/../dataset/spring-data-neo4j_bf5704c5f710656d30e93eae8b89ebedb1b920cc/spring-data-neo4j/src/main/java/org/springframework/data/neo4j/mapping/Neo4jPersistentProperty.java,org.springframework.data.neo4j.mapping.Neo4jPersistentProperty,usePropertyAccess/0,logger,1
/home/sandro/workspace/sandro/MLCQCodeSmellSamples/scripts/../dataset/spring-data-neo4j_bf5704c5f710656d30e93eae8b89ebedb1b920cc/spring-data-neo4j/src/main/java/org/springframework/data/neo4j/mapping/Neo4jPersistentProperty.java,org.springframework.data.neo4j.mapping.Neo4jPersistentProperty,"Neo4jPersistentProperty/4[org.springframework.data.neo4j.mapping.ClassInfo,org.springframework.data.neo4j.mapping.Property,org.springframework.data.neo4j.mapping.PersistentEntity<?,org.springframework.data.neo4j.mapping.Neo4jPersistentProperty>,org.springframework.data.neo4j.mapping.SimpleTypeHolder]",logger,1
/home/sandro/workspace/sandro/MLCQCodeSmellSamples/scripts/../dataset/spring-data-neo4j_bf5704c5f710656d30e93eae8b89ebedb1b920cc/spring-data-neo4j/src/main/java/org/springframework/data/neo4j/mapping/Neo4jPersistentProperty.java,org.springframework.data.neo4j.mapping.Neo4jPersistentProperty,"Neo4jPersistentProperty/4[org.springframework.data.neo4j.mapping.ClassInfo,org.springframework.data.neo4j.mapping.Property,org.springframework.data.neo4j.mapping.PersistentEntity<?,org.springframework.data.neo4j.mapping.Neo4jPersistentProperty>,org.springframework.data.neo4j.mapping.SimpleTypeHolder]",propertyType,4
/home/sandro/workspace/sandro/MLCQCodeSmellSamples/scripts/../dataset/spring-data-neo4j_bf5704c5f710656d30e93eae8b89ebedb1b920cc/spring-data-neo4j/src/main/java/org/springframework/data/neo4j/bookmark/BookmarkInfo.java,org.springframework.data.neo4j.bookmark.BookmarkInfo,setUseBookmark/1[boolean],useBookmark,3
/home/sandro/workspace/sandro/MLCQCodeSmellSamples/scripts/../dataset/spring-data-neo4j_bf5704c5f710656d30e93eae8b89ebedb1b920cc/spring-data-neo4j/src/main/java/org/springframework/data/neo4j/bookmark/BookmarkInfo.java,org.springframework.data.neo4j.bookmark.BookmarkInfo,setBookmarks/1[java.util.Collection<java.lang.String>],bookmarks,3
/home/sandro/workspace/sandro/MLCQCodeSmellSamples/scripts/../dataset/spring-data-neo4j_bf5704c5f710656d30e93eae8b89ebedb1b920cc/spring-data-neo4j/src/main/java/org/springframework/data/neo4j/bookmark/BookmarkInfo.java,org.springframework.data.neo4j.bookmark.BookmarkInfo,BookmarkInfo/1[boolean],useBookmark,2
/home/sandro/workspace/sandro/MLCQCodeSmellSamples/scripts/../dataset/spring-data-neo4j_bf5704c5f710656d30e93eae8b89ebedb1b920cc/spring-data-neo4j/src/main/java/org/springframework/data/neo4j/bookmark/BookmarkInfo.java,org.springframework.data.neo4j.bookmark.BookmarkInfo,shouldUseBookmark/0,useBookmark,1
/home/sandro/workspace/sandro/MLCQCodeSmellSamples/scripts/../dataset/spring-data-neo4j_bf5704c5f710656d30e93eae8b89ebedb1b920cc/spring-data-neo4j/src/main/java/org/springframework/data/neo4j/bookmark/BookmarkInfo.java,org.springframework.data.neo4j.bookmark.BookmarkInfo,getBookmarks/0,bookmarks,1
/home/sandro/workspace/sandro/MLCQCodeSmellSamples/scripts/../dataset/spring-data-neo4j_bf5704c5f710656d30e93eae8b89ebedb1b920cc/spring-data-neo4j/src/main/java/org/springframework/data/neo4j/transaction/SessionHolder.java,org.springframework.data.neo4j.transaction.SessionHolder,setTransactionActive/1[boolean],transactionActive,3
/home/sandro/workspace/sandro/MLCQCodeSmellSamples/scripts/../dataset/spring-data-neo4j_bf5704c5f710656d30e93eae8b89ebedb1b920cc/spring-data-neo4j/src/main/java/org/springframework/data/neo4j/transaction/SessionHolder.java,org.springframework.data.neo4j.transaction.SessionHolder,clear/0,transactionActive,1
/home/sandro/workspace/sandro/MLCQCodeSmellSamples/scripts/../dataset/spring-data-neo4j_bf5704c5f710656d30e93eae8b89ebedb1b920cc/spring-data-neo4j/src/main/java/org/springframework/data/neo4j/transaction/SessionHolder.java,org.springframework.data.neo4j.transaction.SessionHolder,getSession/0,session,1
/home/sandro/workspace/sandro/MLCQCodeSmellSamples/scripts/../dataset/spring-data-neo4j_bf5704c5f710656d30e93eae8b89ebedb1b920cc/spring-data-neo4j/src/main/java/org/springframework/data/neo4j/transaction/SessionHolder.java,org.springframework.data.neo4j.transaction.SessionHolder,SessionHolder/1[org.springframework.data.neo4j.transaction.Session],session,4
/home/sandro/workspace/sandro/MLCQCodeSmellSamples/scripts/../dataset/spring-data-neo4j_bf5704c5f710656d30e93eae8b89ebedb1b920cc/spring-data-neo4j/src/main/java/org/springframework/data/neo4j/transaction/SessionHolder.java,org.springframework.data.neo4j.transaction.SessionHolder,isTransactionActive/0,transactionActive,1
/home/sandro/workspace/sandro/MLCQCodeSmellSamples/scripts/../dataset/spring-data-neo4j_bf5704c5f710656d30e93eae8b89ebedb1b920cc/spring-data-neo4j/src/test/java/org/springframework/data/neo4j/conversion/MetaDataDrivenConversionServiceIntegrationTests.java,org.springframework.data.neo4j.conversion.MetaDataDrivenConversionServiceIntegrationTests,conversionWithConverterHierarchyShouldWork/0,graphDatabaseService,1
/home/sandro/workspace/sandro/MLCQCodeSmellSamples/scripts/../dataset/spring-data-neo4j_bf5704c5f710656d30e93eae8b89ebedb1b920cc/spring-data-neo4j/src/test/java/org/springframework/data/neo4j/conversion/MetaDataDrivenConversionServiceIntegrationTests.java,org.springframework.data.neo4j.conversion.MetaDataDrivenConversionServiceIntegrationTests,conversionWithConverterHierarchyShouldWork/0,entityRepository,1
/home/sandro/workspace/sandro/MLCQCodeSmellSamples/scripts/../dataset/spring-data-neo4j_bf5704c5f710656d30e93eae8b89ebedb1b920cc/spring-data-neo4j/src/test/java/org/springframework/data/neo4j/conversion/ogm618/MyNode.java,org.springframework.data.neo4j.conversion.ogm618.MyNode,getThings/0,things,1
/home/sandro/workspace/sandro/MLCQCodeSmellSamples/scripts/../dataset/spring-data-neo4j_bf5704c5f710656d30e93eae8b89ebedb1b920cc/spring-data-neo4j/src/test/java/org/springframework/data/neo4j/conversion/ogm618/MyNode.java,org.springframework.data.neo4j.conversion.ogm618.MyNode,setId/1[java.lang.Long],id,3
/home/sandro/workspace/sandro/MLCQCodeSmellSamples/scripts/../dataset/spring-data-neo4j_bf5704c5f710656d30e93eae8b89ebedb1b920cc/spring-data-neo4j/src/test/java/org/springframework/data/neo4j/conversion/ogm618/MyNode.java,org.springframework.data.neo4j.conversion.ogm618.MyNode,setThings/1[java.util.List<java.lang.String>],things,3
/home/sandro/workspace/sandro/MLCQCodeSmellSamples/scripts/../dataset/spring-data-neo4j_bf5704c5f710656d30e93eae8b89ebedb1b920cc/spring-data-neo4j/src/test/java/org/springframework/data/neo4j/conversion/ogm618/MyNode.java,org.springframework.data.neo4j.conversion.ogm618.MyNode,toString/0,name,1
/home/sandro/workspace/sandro/MLCQCodeSmellSamples/scripts/../dataset/spring-data-neo4j_bf5704c5f710656d30e93eae8b89ebedb1b920cc/spring-data-neo4j/src/test/java/org/springframework/data/neo4j/conversion/ogm618/MyNode.java,org.springframework.data.neo4j.conversion.ogm618.MyNode,toString/0,things,1
/home/sandro/workspace/sandro/MLCQCodeSmellSamples/scripts/../dataset/spring-data-neo4j_bf5704c5f710656d30e93eae8b89ebedb1b920cc/spring-data-neo4j/src/test/java/org/springframework/data/neo4j/conversion/ogm618/MyNode.java,org.springframework.data.neo4j.conversion.ogm618.MyNode,toString/0,id,1
/home/sandro/workspace/sandro/MLCQCodeSmellSamples/scripts/../dataset/spring-data-neo4j_bf5704c5f710656d30e93eae8b89ebedb1b920cc/spring-data-neo4j/src/test/java/org/springframework/data/neo4j/conversion/ogm618/MyNode.java,org.springframework.data.neo4j.conversion.ogm618.MyNode,"MyNode/2[java.lang.String,java.util.List<java.lang.String>]",name,3
/home/sandro/workspace/sandro/MLCQCodeSmellSamples/scripts/../dataset/spring-data-neo4j_bf5704c5f710656d30e93eae8b89ebedb1b920cc/spring-data-neo4j/src/test/java/org/springframework/data/neo4j/conversion/ogm618/MyNode.java,org.springframework.data.neo4j.conversion.ogm618.MyNode,"MyNode/2[java.lang.String,java.util.List<java.lang.String>]",things,3
/home/sandro/workspace/sandro/MLCQCodeSmellSamples/scripts/../dataset/spring-data-neo4j_bf5704c5f710656d30e93eae8b89ebedb1b920cc/spring-data-neo4j/src/test/java/org/springframework/data/neo4j/conversion/ogm618/MyNode.java,org.springframework.data.neo4j.conversion.ogm618.MyNode,getId/0,id,1
/home/sandro/workspace/sandro/MLCQCodeSmellSamples/scripts/../dataset/spring-data-neo4j_bf5704c5f710656d30e93eae8b89ebedb1b920cc/spring-data-neo4j/src/test/java/org/springframework/data/neo4j/conversion/ogm618/MyNode.java,org.springframework.data.neo4j.conversion.ogm618.MyNode,getName/0,name,1
/home/sandro/workspace/sandro/MLCQCodeSmellSamples/scripts/../dataset/spring-data-neo4j_bf5704c5f710656d30e93eae8b89ebedb1b920cc/spring-data-neo4j/src/test/java/org/springframework/data/neo4j/conversion/ogm618/MyNode.java,org.springframework.data.neo4j.conversion.ogm618.MyNode,setName/1[java.lang.String],name,3
/home/sandro/workspace/sandro/MLCQCodeSmellSamples/scripts/../dataset/spring-data-neo4j_bf5704c5f710656d30e93eae8b89ebedb1b920cc/spring-data-neo4j/src/test/java/org/springframework/data/neo4j/events/EventPublisher.java,org.springframework.data.neo4j.events.EventPublisher,onPostSave/1[org.springframework.data.neo4j.events.Event],publisher,1
/home/sandro/workspace/sandro/MLCQCodeSmellSamples/scripts/../dataset/spring-data-neo4j_bf5704c5f710656d30e93eae8b89ebedb1b920cc/spring-data-neo4j/src/test/java/org/springframework/data/neo4j/events/EventPublisher.java,org.springframework.data.neo4j.events.EventPublisher,onPostDelete/1[org.springframework.data.neo4j.events.Event],publisher,1
/home/sandro/workspace/sandro/MLCQCodeSmellSamples/scripts/../dataset/spring-data-neo4j_bf5704c5f710656d30e93eae8b89ebedb1b920cc/spring-data-neo4j/src/test/java/org/springframework/data/neo4j/events/EventPublisher.java,org.springframework.data.neo4j.events.EventPublisher,onPreSave/1[org.springframework.data.neo4j.events.Event],publisher,1
/home/sandro/workspace/sandro/MLCQCodeSmellSamples/scripts/../dataset/spring-data-neo4j_bf5704c5f710656d30e93eae8b89ebedb1b920cc/spring-data-neo4j/src/test/java/org/springframework/data/neo4j/events/EventPublisher.java,org.springframework.data.neo4j.events.EventPublisher,onPreDelete/1[org.springframework.data.neo4j.events.Event],publisher,1
/home/sandro/workspace/sandro/MLCQCodeSmellSamples/scripts/../dataset/spring-data-neo4j_bf5704c5f710656d30e93eae8b89ebedb1b920cc/spring-data-neo4j/src/test/java/org/springframework/data/neo4j/events/EventPublisher.java,org.springframework.data.neo4j.events.EventPublisher,EventPublisher/1[org.springframework.data.neo4j.events.ApplicationEventPublisher],publisher,3
/home/sandro/workspace/sandro/MLCQCodeSmellSamples/scripts/../dataset/spring-data-neo4j_bf5704c5f710656d30e93eae8b89ebedb1b920cc/spring-data-neo4j/src/test/java/org/springframework/data/neo4j/nativetypes/SpatialDomain.java,org.springframework.data.neo4j.nativetypes.SpatialDomain,setCartesianPoint2d/1[org.springframework.data.neo4j.nativetypes.CartesianPoint2d],cartesianPoint2d,3
/home/sandro/workspace/sandro/MLCQCodeSmellSamples/scripts/../dataset/spring-data-neo4j_bf5704c5f710656d30e93eae8b89ebedb1b920cc/spring-data-neo4j/src/test/java/org/springframework/data/neo4j/nativetypes/SpatialDomain.java,org.springframework.data.neo4j.nativetypes.SpatialDomain,getMorePoints/0,morePoints,1
/home/sandro/workspace/sandro/MLCQCodeSmellSamples/scripts/../dataset/spring-data-neo4j_bf5704c5f710656d30e93eae8b89ebedb1b920cc/spring-data-neo4j/src/test/java/org/springframework/data/neo4j/nativetypes/SpatialDomain.java,org.springframework.data.neo4j.nativetypes.SpatialDomain,setName/1[java.lang.String],name,3
/home/sandro/workspace/sandro/MLCQCodeSmellSamples/scripts/../dataset/spring-data-neo4j_bf5704c5f710656d30e93eae8b89ebedb1b920cc/spring-data-neo4j/src/test/java/org/springframework/data/neo4j/nativetypes/SpatialDomain.java,org.springframework.data.neo4j.nativetypes.SpatialDomain,getCartesianPoint2d/0,cartesianPoint2d,1
/home/sandro/workspace/sandro/MLCQCodeSmellSamples/scripts/../dataset/spring-data-neo4j_bf5704c5f710656d30e93eae8b89ebedb1b920cc/spring-data-neo4j/src/test/java/org/springframework/data/neo4j/nativetypes/SpatialDomain.java,org.springframework.data.neo4j.nativetypes.SpatialDomain,setSdnPoint/1[org.springframework.data.neo4j.nativetypes.Point],sdnPoint,3
/home/sandro/workspace/sandro/MLCQCodeSmellSamples/scripts/../dataset/spring-data-neo4j_bf5704c5f710656d30e93eae8b89ebedb1b920cc/spring-data-neo4j/src/test/java/org/springframework/data/neo4j/nativetypes/SpatialDomain.java,org.springframework.data.neo4j.nativetypes.SpatialDomain,getGeographicPoint2d/0,geographicPoint2d,1
/home/sandro/workspace/sandro/MLCQCodeSmellSamples/scripts/../dataset/spring-data-neo4j_bf5704c5f710656d30e93eae8b89ebedb1b920cc/spring-data-neo4j/src/test/java/org/springframework/data/neo4j/nativetypes/SpatialDomain.java,org.springframework.data.neo4j.nativetypes.SpatialDomain,setGeographicPoint3d/1[org.springframework.data.neo4j.nativetypes.GeographicPoint3d],geographicPoint3d,3
/home/sandro/workspace/sandro/MLCQCodeSmellSamples/scripts/../dataset/spring-data-neo4j_bf5704c5f710656d30e93eae8b89ebedb1b920cc/spring-data-neo4j/src/test/java/org/springframework/data/neo4j/nativetypes/SpatialDomain.java,org.springframework.data.neo4j.nativetypes.SpatialDomain,setCartesianPoint3d/1[org.springframework.data.neo4j.nativetypes.CartesianPoint3d],cartesianPoint3d,3
/home/sandro/workspace/sandro/MLCQCodeSmellSamples/scripts/../dataset/spring-data-neo4j_bf5704c5f710656d30e93eae8b89ebedb1b920cc/spring-data-neo4j/src/test/java/org/springframework/data/neo4j/nativetypes/SpatialDomain.java,org.springframework.data.neo4j.nativetypes.SpatialDomain,getGeographicPoint3d/0,geographicPoint3d,1
/home/sandro/workspace/sandro/MLCQCodeSmellSamples/scripts/../dataset/spring-data-neo4j_bf5704c5f710656d30e93eae8b89ebedb1b920cc/spring-data-neo4j/src/test/java/org/springframework/data/neo4j/nativetypes/SpatialDomain.java,org.springframework.data.neo4j.nativetypes.SpatialDomain,getId/0,id,1
/home/sandro/workspace/sandro/MLCQCodeSmellSamples/scripts/../dataset/spring-data-neo4j_bf5704c5f710656d30e93eae8b89ebedb1b920cc/spring-data-neo4j/src/test/java/org/springframework/data/neo4j/nativetypes/SpatialDomain.java,org.springframework.data.neo4j.nativetypes.SpatialDomain,setMorePoints/1[org.springframework.data.neo4j.nativetypes.Point[]],morePoints,3
/home/sandro/workspace/sandro/MLCQCodeSmellSamples/scripts/../dataset/spring-data-neo4j_bf5704c5f710656d30e93eae8b89ebedb1b920cc/spring-data-neo4j/src/test/java/org/springframework/data/neo4j/nativetypes/SpatialDomain.java,org.springframework.data.neo4j.nativetypes.SpatialDomain,setGeographicPoint2d/1[org.springframework.data.neo4j.nativetypes.GeographicPoint2d],geographicPoint2d,3
/home/sandro/workspace/sandro/MLCQCodeSmellSamples/scripts/../dataset/spring-data-neo4j_bf5704c5f710656d30e93eae8b89ebedb1b920cc/spring-data-neo4j/src/test/java/org/springframework/data/neo4j/nativetypes/SpatialDomain.java,org.springframework.data.neo4j.nativetypes.SpatialDomain,getName/0,name,1
/home/sandro/workspace/sandro/MLCQCodeSmellSamples/scripts/../dataset/spring-data-neo4j_bf5704c5f710656d30e93eae8b89ebedb1b920cc/spring-data-neo4j/src/test/java/org/springframework/data/neo4j/nativetypes/SpatialDomain.java,org.springframework.data.neo4j.nativetypes.SpatialDomain,getCartesianPoint3d/0,cartesianPoint3d,1
/home/sandro/workspace/sandro/MLCQCodeSmellSamples/scripts/../dataset/spring-data-neo4j_bf5704c5f710656d30e93eae8b89ebedb1b920cc/spring-data-neo4j/src/test/java/org/springframework/data/neo4j/nativetypes/SpatialDomain.java,org.springframework.data.neo4j.nativetypes.SpatialDomain,getSdnPoints/0,sdnPoints,1
/home/sandro/workspace/sandro/MLCQCodeSmellSamples/scripts/../dataset/spring-data-neo4j_bf5704c5f710656d30e93eae8b89ebedb1b920cc/spring-data-neo4j/src/test/java/org/springframework/data/neo4j/nativetypes/SpatialDomain.java,org.springframework.data.neo4j.nativetypes.SpatialDomain,getSdnPoint/0,sdnPoint,1
/home/sandro/workspace/sandro/MLCQCodeSmellSamples/scripts/../dataset/spring-data-neo4j_bf5704c5f710656d30e93eae8b89ebedb1b920cc/spring-data-neo4j/src/test/java/org/springframework/data/neo4j/nativetypes/SpatialDomain.java,org.springframework.data.neo4j.nativetypes.SpatialDomain,setSdnPoints/1[java.util.List<org.springframework.data.neo4j.nativetypes.Point>],sdnPoints,3
/home/sandro/workspace/sandro/MLCQCodeSmellSamples/scripts/../dataset/spring-data-neo4j_bf5704c5f710656d30e93eae8b89ebedb1b920cc/spring-data-neo4j/src/test/java/org/springframework/data/neo4j/examples/movies/domain/queryresult/RichUserQueryResult.java,org.springframework.data.neo4j.examples.movies.domain.queryresult.RichUserQueryResult,getUserDeposits/0,userDeposits,1
/home/sandro/workspace/sandro/MLCQCodeSmellSamples/scripts/../dataset/spring-data-neo4j_bf5704c5f710656d30e93eae8b89ebedb1b920cc/spring-data-neo4j/src/test/java/org/springframework/data/neo4j/examples/movies/domain/queryresult/RichUserQueryResult.java,org.springframework.data.neo4j.examples.movies.domain.queryresult.RichUserQueryResult,getUserName/0,userName,1
/home/sandro/workspace/sandro/MLCQCodeSmellSamples/scripts/../dataset/spring-data-neo4j_bf5704c5f710656d30e93eae8b89ebedb1b920cc/spring-data-neo4j/src/test/java/org/springframework/data/neo4j/examples/movies/domain/queryresult/RichUserQueryResult.java,org.springframework.data.neo4j.examples.movies.domain.queryresult.RichUserQueryResult,getUserAccount/0,userAccount,1
/home/sandro/workspace/sandro/MLCQCodeSmellSamples/scripts/../dataset/spring-data-neo4j_bf5704c5f710656d30e93eae8b89ebedb1b920cc/spring-data-neo4j/src/test/java/org/springframework/data/neo4j/examples/movies/domain/queryresult/RichUserQueryResult.java,org.springframework.data.neo4j.examples.movies.domain.queryresult.RichUserQueryResult,getUserGender/0,userGender,1
/home/sandro/workspace/sandro/MLCQCodeSmellSamples/scripts/../dataset/spring-data-neo4j_bf5704c5f710656d30e93eae8b89ebedb1b920cc/spring-data-neo4j/src/test/java/org/springframework/data/neo4j/examples/movies/domain/queryresult/RichUserQueryResult.java,org.springframework.data.neo4j.examples.movies.domain.queryresult.RichUserQueryResult,getYearOfBirth/0,yearOfBirth,1
/home/sandro/workspace/sandro/MLCQCodeSmellSamples/scripts/../dataset/spring-data-neo4j_bf5704c5f710656d30e93eae8b89ebedb1b920cc/spring-data-neo4j/src/test/java/org/springframework/data/neo4j/transactions/TransactionRollbackTests.java,org.springframework.data.neo4j.transactions.TransactionRollbackTests,queryErrorShouldRollbackAndThrowDataAccessException/0,transactionTemplate,1
/home/sandro/workspace/sandro/MLCQCodeSmellSamples/scripts/../dataset/spring-data-neo4j_bf5704c5f710656d30e93eae8b89ebedb1b920cc/spring-data-neo4j/src/test/java/org/springframework/data/neo4j/transactions/TransactionRollbackTests.java,org.springframework.data.neo4j.transactions.TransactionRollbackTests,queryErrorShouldRollbackAndThrowDataAccessException/0,graphDatabaseService,2
/home/sandro/workspace/sandro/MLCQCodeSmellSamples/scripts/../dataset/spring-data-neo4j_bf5704c5f710656d30e93eae8b89ebedb1b920cc/spring-data-neo4j/src/test/java/org/springframework/data/neo4j/transactions/TransactionRollbackTests.java,org.springframework.data.neo4j.transactions.TransactionRollbackTests,queryErrorShouldRollbackAndThrowDataAccessException/0,userRepository,2
/home/sandro/workspace/sandro/MLCQCodeSmellSamples/scripts/../dataset/spring-data-neo4j_bf5704c5f710656d30e93eae8b89ebedb1b920cc/spring-data-neo4j/src/test/java/org/springframework/data/neo4j/transactions/TransactionRollbackTests.java,org.springframework.data.neo4j.transactions.TransactionRollbackTests,catchedExceptionShouldNotRollback/0,transactionTemplate,1
/home/sandro/workspace/sandro/MLCQCodeSmellSamples/scripts/../dataset/spring-data-neo4j_bf5704c5f710656d30e93eae8b89ebedb1b920cc/spring-data-neo4j/src/test/java/org/springframework/data/neo4j/transactions/TransactionRollbackTests.java,org.springframework.data.neo4j.transactions.TransactionRollbackTests,catchedExceptionShouldNotRollback/0,graphDatabaseService,2
/home/sandro/workspace/sandro/MLCQCodeSmellSamples/scripts/../dataset/spring-data-neo4j_bf5704c5f710656d30e93eae8b89ebedb1b920cc/spring-data-neo4j/src/test/java/org/springframework/data/neo4j/transactions/TransactionRollbackTests.java,org.springframework.data.neo4j.transactions.TransactionRollbackTests,catchedExceptionShouldNotRollback/0,userRepository,3
/home/sandro/workspace/sandro/MLCQCodeSmellSamples/scripts/../dataset/spring-data-neo4j_bf5704c5f710656d30e93eae8b89ebedb1b920cc/spring-data-neo4j/src/test/java/org/springframework/data/neo4j/transactions/TransactionRollbackTests.java,org.springframework.data.neo4j.transactions.TransactionRollbackTests,clearDatabase/0,graphDatabaseService,1
/home/sandro/workspace/sandro/MLCQCodeSmellSamples/scripts/../dataset/spring-data-neo4j_bf5704c5f710656d30e93eae8b89ebedb1b920cc/spring-data-neo4j/src/test/java/org/springframework/data/neo4j/transactions/TransactionRollbackTests.java,org.springframework.data.neo4j.transactions.TransactionRollbackTests,checkOgmTransactionIsCleanedup/0,session,1
/home/sandro/workspace/sandro/MLCQCodeSmellSamples/scripts/../dataset/spring-data-neo4j_bf5704c5f710656d30e93eae8b89ebedb1b920cc/spring-data-neo4j/src/test/java/org/springframework/data/neo4j/domain/invalid/EntityWithInvalidProperty.java,org.springframework.data.neo4j.domain.invalid.EntityWithInvalidProperty,getId/0,id,1
/home/sandro/workspace/sandro/MLCQCodeSmellSamples/scripts/../dataset/spring-data-neo4j_bf5704c5f710656d30e93eae8b89ebedb1b920cc/spring-data-neo4j/src/test/java/org/springframework/data/neo4j/domain/invalid/EntityWithInvalidProperty.java,org.springframework.data.neo4j.domain.invalid.EntityWithInvalidProperty,EntityWithInvalidProperty/1[java.time.Year],year,3
/home/sandro/workspace/sandro/MLCQCodeSmellSamples/scripts/../dataset/spring-data-neo4j_bf5704c5f710656d30e93eae8b89ebedb1b920cc/spring-data-neo4j/src/test/java/org/springframework/data/neo4j/domain/invalid/EntityWithInvalidProperty.java,org.springframework.data.neo4j.domain.invalid.EntityWithInvalidProperty,getYear/0,year,1
/home/sandro/workspace/sandro/MLCQCodeSmellSamples/scripts/../dataset/spring-data-neo4j_bf5704c5f710656d30e93eae8b89ebedb1b920cc/spring-data-neo4j/src/main/java/org/springframework/data/neo4j/repository/query/PartTreeNeo4jQuery.java,org.springframework.data.neo4j.repository.query.PartTreeNeo4jQuery,getQuery/1[java.lang.Object[]],queryTemplate,1
/home/sandro/workspace/sandro/MLCQCodeSmellSamples/scripts/../dataset/spring-data-neo4j_bf5704c5f710656d30e93eae8b89ebedb1b920cc/spring-data-neo4j/src/main/java/org/springframework/data/neo4j/repository/query/PartTreeNeo4jQuery.java,org.springframework.data.neo4j.repository.query.PartTreeNeo4jQuery,"doExecute/2[org.springframework.data.neo4j.repository.query.Query,java.lang.Object[]]",LOG,2
/home/sandro/workspace/sandro/MLCQCodeSmellSamples/scripts/../dataset/spring-data-neo4j_bf5704c5f710656d30e93eae8b89ebedb1b920cc/spring-data-neo4j/src/main/java/org/springframework/data/neo4j/repository/query/PartTreeNeo4jQuery.java,org.springframework.data.neo4j.repository.query.PartTreeNeo4jQuery,"doExecute/2[org.springframework.data.neo4j.repository.query.Query,java.lang.Object[]]",graphQueryMethod,4
/home/sandro/workspace/sandro/MLCQCodeSmellSamples/scripts/../dataset/spring-data-neo4j_bf5704c5f710656d30e93eae8b89ebedb1b920cc/spring-data-neo4j/src/main/java/org/springframework/data/neo4j/repository/query/PartTreeNeo4jQuery.java,org.springframework.data.neo4j.repository.query.PartTreeNeo4jQuery,"PartTreeNeo4jQuery/3[org.springframework.data.neo4j.repository.query.GraphQueryMethod,org.springframework.data.neo4j.repository.query.MetaData,org.springframework.data.neo4j.repository.query.Session]",queryTemplate,1
/home/sandro/workspace/sandro/MLCQCodeSmellSamples/scripts/../dataset/spring-data-neo4j_bf5704c5f710656d30e93eae8b89ebedb1b920cc/spring-data-neo4j/src/main/java/org/springframework/data/neo4j/repository/query/PartTreeNeo4jQuery.java,org.springframework.data.neo4j.repository.query.PartTreeNeo4jQuery,"PartTreeNeo4jQuery/3[org.springframework.data.neo4j.repository.query.GraphQueryMethod,org.springframework.data.neo4j.repository.query.MetaData,org.springframework.data.neo4j.repository.query.Session]",graphQueryMethod,6
/home/sandro/workspace/sandro/MLCQCodeSmellSamples/scripts/../dataset/spring-data-neo4j_bf5704c5f710656d30e93eae8b89ebedb1b920cc/spring-data-neo4j/src/main/java/org/springframework/data/neo4j/repository/query/PartTreeNeo4jQuery.java,org.springframework.data.neo4j.repository.query.PartTreeNeo4jQuery,"PartTreeNeo4jQuery/3[org.springframework.data.neo4j.repository.query.GraphQueryMethod,org.springframework.data.neo4j.repository.query.MetaData,org.springframework.data.neo4j.repository.query.Session]",tree,2
/home/sandro/workspace/sandro/MLCQCodeSmellSamples/scripts/../dataset/spring-data-neo4j_bf5704c5f710656d30e93eae8b89ebedb1b920cc/spring-data-neo4j/src/main/java/org/springframework/data/neo4j/repository/query/PartTreeNeo4jQuery.java,org.springframework.data.neo4j.repository.query.PartTreeNeo4jQuery,resolveParameters/1[java.lang.Object[]],graphQueryMethod,3
/home/sandro/workspace/sandro/MLCQCodeSmellSamples/scripts/../dataset/spring-data-neo4j_bf5704c5f710656d30e93eae8b89ebedb1b920cc/spring-data-neo4j/src/main/java/org/springframework/data/neo4j/repository/query/PartTreeNeo4jQuery.java,org.springframework.data.neo4j.repository.query.PartTreeNeo4jQuery,isCountQuery/0,tree,1
/home/sandro/workspace/sandro/MLCQCodeSmellSamples/scripts/../dataset/spring-data-neo4j_bf5704c5f710656d30e93eae8b89ebedb1b920cc/spring-data-neo4j/src/main/java/org/springframework/data/neo4j/repository/query/PartTreeNeo4jQuery.java,org.springframework.data.neo4j.repository.query.PartTreeNeo4jQuery,isDeleteQuery/0,tree,1
/home/sandro/workspace/sandro/MLCQCodeSmellSamples/scripts/../dataset/spring-data-neo4j_bf5704c5f710656d30e93eae8b89ebedb1b920cc/spring-data-neo4j/src/main/java/org/springframework/data/neo4j/repository/query/PartTreeNeo4jQuery.java,org.springframework.data.neo4j.repository.query.PartTreeNeo4jQuery,isExistsQuery/0,tree,1
/home/sandro/workspace/sandro/MLCQCodeSmellSamples/scripts/../dataset/spring-data-neo4j_bf5704c5f710656d30e93eae8b89ebedb1b920cc/spring-data-neo4j/src/test/java/org/springframework/data/neo4j/web/XmlApplicationContextWebIntegrationTests.java,org.springframework.data.neo4j.web.XmlApplicationContextWebIntegrationTests,setUp/0,adam,3
/home/sandro/workspace/sandro/MLCQCodeSmellSamples/scripts/../dataset/spring-data-neo4j_bf5704c5f710656d30e93eae8b89ebedb1b920cc/spring-data-neo4j/src/test/java/org/springframework/data/neo4j/web/XmlApplicationContextWebIntegrationTests.java,org.springframework.data.neo4j.web.XmlApplicationContextWebIntegrationTests,setUp/0,mockMvc,1
/home/sandro/workspace/sandro/MLCQCodeSmellSamples/scripts/../dataset/spring-data-neo4j_bf5704c5f710656d30e93eae8b89ebedb1b920cc/spring-data-neo4j/src/test/java/org/springframework/data/neo4j/web/XmlApplicationContextWebIntegrationTests.java,org.springframework.data.neo4j.web.XmlApplicationContextWebIntegrationTests,setUp/0,daniela,3
/home/sandro/workspace/sandro/MLCQCodeSmellSamples/scripts/../dataset/spring-data-neo4j_bf5704c5f710656d30e93eae8b89ebedb1b920cc/spring-data-neo4j/src/test/java/org/springframework/data/neo4j/web/XmlApplicationContextWebIntegrationTests.java,org.springframework.data.neo4j.web.XmlApplicationContextWebIntegrationTests,setUp/0,wac,1
/home/sandro/workspace/sandro/MLCQCodeSmellSamples/scripts/../dataset/spring-data-neo4j_bf5704c5f710656d30e93eae8b89ebedb1b920cc/spring-data-neo4j/src/test/java/org/springframework/data/neo4j/web/XmlApplicationContextWebIntegrationTests.java,org.springframework.data.neo4j.web.XmlApplicationContextWebIntegrationTests,setUp/0,michal,3
/home/sandro/workspace/sandro/MLCQCodeSmellSamples/scripts/../dataset/spring-data-neo4j_bf5704c5f710656d30e93eae8b89ebedb1b920cc/spring-data-neo4j/src/test/java/org/springframework/data/neo4j/web/XmlApplicationContextWebIntegrationTests.java,org.springframework.data.neo4j.web.XmlApplicationContextWebIntegrationTests,setUp/0,userRepository,1
/home/sandro/workspace/sandro/MLCQCodeSmellSamples/scripts/../dataset/spring-data-neo4j_bf5704c5f710656d30e93eae8b89ebedb1b920cc/spring-data-neo4j/src/test/java/org/springframework/data/neo4j/web/XmlApplicationContextWebIntegrationTests.java,org.springframework.data.neo4j.web.XmlApplicationContextWebIntegrationTests,setUp/0,vince,2
/home/sandro/workspace/sandro/MLCQCodeSmellSamples/scripts/../dataset/spring-data-neo4j_bf5704c5f710656d30e93eae8b89ebedb1b920cc/spring-data-neo4j/src/test/java/org/springframework/data/neo4j/web/XmlApplicationContextWebIntegrationTests.java,org.springframework.data.neo4j.web.XmlApplicationContextWebIntegrationTests,shouldShareSessionBetweenRequestsDuringSameSession/0,adam,1
/home/sandro/workspace/sandro/MLCQCodeSmellSamples/scripts/../dataset/spring-data-neo4j_bf5704c5f710656d30e93eae8b89ebedb1b920cc/spring-data-neo4j/src/test/java/org/springframework/data/neo4j/web/XmlApplicationContextWebIntegrationTests.java,org.springframework.data.neo4j.web.XmlApplicationContextWebIntegrationTests,shouldShareSessionBetweenRequestsDuringSameSession/0,mockMvc,4
/home/sandro/workspace/sandro/MLCQCodeSmellSamples/scripts/../dataset/spring-data-neo4j_bf5704c5f710656d30e93eae8b89ebedb1b920cc/spring-data-neo4j/src/test/java/org/springframework/data/neo4j/web/XmlApplicationContextWebIntegrationTests.java,org.springframework.data.neo4j.web.XmlApplicationContextWebIntegrationTests,shouldShareSessionBetweenRequestsDuringSameSession/0,daniela,1
/home/sandro/workspace/sandro/MLCQCodeSmellSamples/scripts/../dataset/spring-data-neo4j_bf5704c5f710656d30e93eae8b89ebedb1b920cc/spring-data-neo4j/src/test/java/org/springframework/data/neo4j/web/XmlApplicationContextWebIntegrationTests.java,org.springframework.data.neo4j.web.XmlApplicationContextWebIntegrationTests,shouldShareSessionBetweenRequestsDuringSameSession/0,michal,1
/home/sandro/workspace/sandro/MLCQCodeSmellSamples/scripts/../dataset/spring-data-neo4j_bf5704c5f710656d30e93eae8b89ebedb1b920cc/spring-data-neo4j/src/test/java/org/springframework/data/neo4j/web/XmlApplicationContextWebIntegrationTests.java,org.springframework.data.neo4j.web.XmlApplicationContextWebIntegrationTests,shouldShareSessionBetweenRequestsDuringSameSession/0,vince,1
/home/sandro/workspace/sandro/MLCQCodeSmellSamples/scripts/../dataset/spring-data-neo4j_bf5704c5f710656d30e93eae8b89ebedb1b920cc/spring-data-neo4j/src/test/java/org/springframework/data/neo4j/web/XmlApplicationContextWebIntegrationTests.java,org.springframework.data.neo4j.web.XmlApplicationContextWebIntegrationTests,shouldNotShareSessionBetweenRequestsWithDifferentSession/0,adam,1
/home/sandro/workspace/sandro/MLCQCodeSmellSamples/scripts/../dataset/spring-data-neo4j_bf5704c5f710656d30e93eae8b89ebedb1b920cc/spring-data-neo4j/src/test/java/org/springframework/data/neo4j/web/XmlApplicationContextWebIntegrationTests.java,org.springframework.data.neo4j.web.XmlApplicationContextWebIntegrationTests,shouldNotShareSessionBetweenRequestsWithDifferentSession/0,mockMvc,2
/home/sandro/workspace/sandro/MLCQCodeSmellSamples/scripts/../dataset/spring-data-neo4j_bf5704c5f710656d30e93eae8b89ebedb1b920cc/spring-data-neo4j/src/test/java/org/springframework/data/neo4j/web/XmlApplicationContextWebIntegrationTests.java,org.springframework.data.neo4j.web.XmlApplicationContextWebIntegrationTests,shouldNotShareSessionBetweenRequestsWithDifferentSession/0,vince,1
/home/sandro/workspace/sandro/MLCQCodeSmellSamples/scripts/../dataset/spring-data-neo4j_bf5704c5f710656d30e93eae8b89ebedb1b920cc/spring-data-neo4j/src/test/java/org/springframework/data/neo4j/examples/friends/domain/Person.java,org.springframework.data.neo4j.examples.friends.domain.Person,addFriend/1[org.springframework.data.neo4j.examples.friends.domain.Person],friendships,1
/home/sandro/workspace/sandro/MLCQCodeSmellSamples/scripts/../dataset/spring-data-neo4j_bf5704c5f710656d30e93eae8b89ebedb1b920cc/spring-data-neo4j/src/test/java/org/springframework/data/neo4j/examples/friends/domain/Person.java,org.springframework.data.neo4j.examples.friends.domain.Person,setFriendships/1[java.util.Set<org.springframework.data.neo4j.examples.friends.domain.Friendship>],friendships,3
/home/sandro/workspace/sandro/MLCQCodeSmellSamples/scripts/../dataset/spring-data-neo4j_bf5704c5f710656d30e93eae8b89ebedb1b920cc/spring-data-neo4j/src/test/java/org/springframework/data/neo4j/examples/friends/domain/Person.java,org.springframework.data.neo4j.examples.friends.domain.Person,setFirstName/1[java.lang.String],firstName,3
/home/sandro/workspace/sandro/MLCQCodeSmellSamples/scripts/../dataset/spring-data-neo4j_bf5704c5f710656d30e93eae8b89ebedb1b920cc/spring-data-neo4j/src/test/java/org/springframework/data/neo4j/examples/friends/domain/Person.java,org.springframework.data.neo4j.examples.friends.domain.Person,setLastName/1[java.lang.String],lastName,3
/home/sandro/workspace/sandro/MLCQCodeSmellSamples/scripts/../dataset/spring-data-neo4j_bf5704c5f710656d30e93eae8b89ebedb1b920cc/spring-data-neo4j/src/test/java/org/springframework/data/neo4j/examples/friends/domain/Person.java,org.springframework.data.neo4j.examples.friends.domain.Person,getId/0,id,1
/home/sandro/workspace/sandro/MLCQCodeSmellSamples/scripts/../dataset/spring-data-neo4j_bf5704c5f710656d30e93eae8b89ebedb1b920cc/spring-data-neo4j/src/test/java/org/springframework/data/neo4j/examples/friends/domain/Person.java,org.springframework.data.neo4j.examples.friends.domain.Person,setId/1[java.lang.Long],id,3
/home/sandro/workspace/sandro/MLCQCodeSmellSamples/scripts/../dataset/spring-data-neo4j_bf5704c5f710656d30e93eae8b89ebedb1b920cc/spring-data-neo4j/src/test/java/org/springframework/data/neo4j/examples/friends/domain/Person.java,org.springframework.data.neo4j.examples.friends.domain.Person,getLastName/0,lastName,1
/home/sandro/workspace/sandro/MLCQCodeSmellSamples/scripts/../dataset/spring-data-neo4j_bf5704c5f710656d30e93eae8b89ebedb1b920cc/spring-data-neo4j/src/test/java/org/springframework/data/neo4j/examples/friends/domain/Person.java,org.springframework.data.neo4j.examples.friends.domain.Person,getFirstName/0,firstName,1
/home/sandro/workspace/sandro/MLCQCodeSmellSamples/scripts/../dataset/spring-data-neo4j_bf5704c5f710656d30e93eae8b89ebedb1b920cc/spring-data-neo4j/src/test/java/org/springframework/data/neo4j/examples/friends/domain/Person.java,org.springframework.data.neo4j.examples.friends.domain.Person,getFriendships/0,friendships,1
/home/sandro/workspace/sandro/MLCQCodeSmellSamples/scripts/../dataset/spring-data-neo4j_bf5704c5f710656d30e93eae8b89ebedb1b920cc/spring-data-neo4j/src/test/java/org/springframework/data/neo4j/examples/galaxy/domain/World.java,org.springframework.data.neo4j.examples.galaxy.domain.World,addRocketRouteTo/1[org.springframework.data.neo4j.examples.galaxy.domain.World],reachableByRocket,1
/home/sandro/workspace/sandro/MLCQCodeSmellSamples/scripts/../dataset/spring-data-neo4j_bf5704c5f710656d30e93eae8b89ebedb1b920cc/spring-data-neo4j/src/test/java/org/springframework/data/neo4j/examples/galaxy/domain/World.java,org.springframework.data.neo4j.examples.galaxy.domain.World,setUpdated/1[long],updated,3
/home/sandro/workspace/sandro/MLCQCodeSmellSamples/scripts/../dataset/spring-data-neo4j_bf5704c5f710656d30e93eae8b89ebedb1b920cc/spring-data-neo4j/src/test/java/org/springframework/data/neo4j/examples/galaxy/domain/World.java,org.springframework.data.neo4j.examples.galaxy.domain.World,getUpdated/0,updated,1
/home/sandro/workspace/sandro/MLCQCodeSmellSamples/scripts/../dataset/spring-data-neo4j_bf5704c5f710656d30e93eae8b89ebedb1b920cc/spring-data-neo4j/src/test/java/org/springframework/data/neo4j/examples/galaxy/domain/World.java,org.springframework.data.neo4j.examples.galaxy.domain.World,getRadius/0,radius,1
/home/sandro/workspace/sandro/MLCQCodeSmellSamples/scripts/../dataset/spring-data-neo4j_bf5704c5f710656d30e93eae8b89ebedb1b920cc/spring-data-neo4j/src/test/java/org/springframework/data/neo4j/examples/galaxy/domain/World.java,org.springframework.data.neo4j.examples.galaxy.domain.World,setRadius/1[java.lang.Float],radius,3
/home/sandro/workspace/sandro/MLCQCodeSmellSamples/scripts/../dataset/spring-data-neo4j_bf5704c5f710656d30e93eae8b89ebedb1b920cc/spring-data-neo4j/src/test/java/org/springframework/data/neo4j/examples/galaxy/domain/World.java,org.springframework.data.neo4j.examples.galaxy.domain.World,getName/0,name,1
/home/sandro/workspace/sandro/MLCQCodeSmellSamples/scripts/../dataset/spring-data-neo4j_bf5704c5f710656d30e93eae8b89ebedb1b920cc/spring-data-neo4j/src/test/java/org/springframework/data/neo4j/examples/galaxy/domain/World.java,org.springframework.data.neo4j.examples.galaxy.domain.World,hashCode/0,moons,1
/home/sandro/workspace/sandro/MLCQCodeSmellSamples/scripts/../dataset/spring-data-neo4j_bf5704c5f710656d30e93eae8b89ebedb1b920cc/spring-data-neo4j/src/test/java/org/springframework/data/neo4j/examples/galaxy/domain/World.java,org.springframework.data.neo4j.examples.galaxy.domain.World,hashCode/0,name,2
/home/sandro/workspace/sandro/MLCQCodeSmellSamples/scripts/../dataset/spring-data-neo4j_bf5704c5f710656d30e93eae8b89ebedb1b920cc/spring-data-neo4j/src/test/java/org/springframework/data/neo4j/examples/galaxy/domain/World.java,org.springframework.data.neo4j.examples.galaxy.domain.World,hashCode/0,id,2
/home/sandro/workspace/sandro/MLCQCodeSmellSamples/scripts/../dataset/spring-data-neo4j_bf5704c5f710656d30e93eae8b89ebedb1b920cc/spring-data-neo4j/src/test/java/org/springframework/data/neo4j/examples/galaxy/domain/World.java,org.springframework.data.neo4j.examples.galaxy.domain.World,setReachableByRocket/1[java.util.Set<org.springframework.data.neo4j.examples.galaxy.domain.World>],reachableByRocket,4
/home/sandro/workspace/sandro/MLCQCodeSmellSamples/scripts/../dataset/spring-data-neo4j_bf5704c5f710656d30e93eae8b89ebedb1b920cc/spring-data-neo4j/src/test/java/org/springframework/data/neo4j/examples/galaxy/domain/World.java,org.springframework.data.neo4j.examples.galaxy.domain.World,"World/2[java.lang.String,int]",moons,3
/home/sandro/workspace/sandro/MLCQCodeSmellSamples/scripts/../dataset/spring-data-neo4j_bf5704c5f710656d30e93eae8b89ebedb1b920cc/spring-data-neo4j/src/test/java/org/springframework/data/neo4j/examples/galaxy/domain/World.java,org.springframework.data.neo4j.examples.galaxy.domain.World,"World/2[java.lang.String,int]",name,3
/home/sandro/workspace/sandro/MLCQCodeSmellSamples/scripts/../dataset/spring-data-neo4j_bf5704c5f710656d30e93eae8b89ebedb1b920cc/spring-data-neo4j/src/test/java/org/springframework/data/neo4j/examples/galaxy/domain/World.java,org.springframework.data.neo4j.examples.galaxy.domain.World,toString/0,moons,1
/home/sandro/workspace/sandro/MLCQCodeSmellSamples/scripts/../dataset/spring-data-neo4j_bf5704c5f710656d30e93eae8b89ebedb1b920cc/spring-data-neo4j/src/test/java/org/springframework/data/neo4j/examples/galaxy/domain/World.java,org.springframework.data.neo4j.examples.galaxy.domain.World,toString/0,name,1
/home/sandro/workspace/sandro/MLCQCodeSmellSamples/scripts/../dataset/spring-data-neo4j_bf5704c5f710656d30e93eae8b89ebedb1b920cc/spring-data-neo4j/src/test/java/org/springframework/data/neo4j/examples/galaxy/domain/World.java,org.springframework.data.neo4j.examples.galaxy.domain.World,getId/0,id,1
/home/sandro/workspace/sandro/MLCQCodeSmellSamples/scripts/../dataset/spring-data-neo4j_bf5704c5f710656d30e93eae8b89ebedb1b920cc/spring-data-neo4j/src/test/java/org/springframework/data/neo4j/examples/galaxy/domain/World.java,org.springframework.data.neo4j.examples.galaxy.domain.World,canBeReachedFrom/1[org.springframework.data.neo4j.examples.galaxy.domain.World],reachableByRocket,1
/home/sandro/workspace/sandro/MLCQCodeSmellSamples/scripts/../dataset/spring-data-neo4j_bf5704c5f710656d30e93eae8b89ebedb1b920cc/spring-data-neo4j/src/test/java/org/springframework/data/neo4j/examples/galaxy/domain/World.java,org.springframework.data.neo4j.examples.galaxy.domain.World,getMoons/0,moons,1
/home/sandro/workspace/sandro/MLCQCodeSmellSamples/scripts/../dataset/spring-data-neo4j_bf5704c5f710656d30e93eae8b89ebedb1b920cc/spring-data-neo4j/src/test/java/org/springframework/data/neo4j/examples/galaxy/domain/World.java,org.springframework.data.neo4j.examples.galaxy.domain.World,equals/1[java.lang.Object],moons,1
/home/sandro/workspace/sandro/MLCQCodeSmellSamples/scripts/../dataset/spring-data-neo4j_bf5704c5f710656d30e93eae8b89ebedb1b920cc/spring-data-neo4j/src/test/java/org/springframework/data/neo4j/examples/galaxy/domain/World.java,org.springframework.data.neo4j.examples.galaxy.domain.World,equals/1[java.lang.Object],name,2
/home/sandro/workspace/sandro/MLCQCodeSmellSamples/scripts/../dataset/spring-data-neo4j_bf5704c5f710656d30e93eae8b89ebedb1b920cc/spring-data-neo4j/src/test/java/org/springframework/data/neo4j/examples/galaxy/domain/World.java,org.springframework.data.neo4j.examples.galaxy.domain.World,equals/1[java.lang.Object],id,2
/home/sandro/workspace/sandro/MLCQCodeSmellSamples/scripts/../dataset/spring-data-neo4j_bf5704c5f710656d30e93eae8b89ebedb1b920cc/spring-data-neo4j/src/test/java/org/springframework/data/neo4j/examples/galaxy/domain/World.java,org.springframework.data.neo4j.examples.galaxy.domain.World,getReachableByRocket/0,reachableByRocket,1
/home/sandro/workspace/sandro/MLCQCodeSmellSamples/scripts/../dataset/spring-data-neo4j_bf5704c5f710656d30e93eae8b89ebedb1b920cc/spring-data-neo4j/src/test/java/org/springframework/data/neo4j/repositories/RepositoryDefinitionTests.java,org.springframework.data.neo4j.repositories.RepositoryDefinitionTests,shouldProxyAndAutoImplementRepositoryDefinitionAnnotatedRepo/0,transactionTemplate,1
/home/sandro/workspace/sandro/MLCQCodeSmellSamples/scripts/../dataset/spring-data-neo4j_bf5704c5f710656d30e93eae8b89ebedb1b920cc/spring-data-neo4j/src/test/java/org/springframework/data/neo4j/repositories/RepositoryDefinitionTests.java,org.springframework.data.neo4j.repositories.RepositoryDefinitionTests,shouldProxyAndAutoImplementRepositoryDefinitionAnnotatedRepo/0,graphDatabaseService,1
/home/sandro/workspace/sandro/MLCQCodeSmellSamples/scripts/../dataset/spring-data-neo4j_bf5704c5f710656d30e93eae8b89ebedb1b920cc/spring-data-neo4j/src/test/java/org/springframework/data/neo4j/repositories/RepositoryDefinitionTests.java,org.springframework.data.neo4j.repositories.RepositoryDefinitionTests,clearDatabase/0,graphDatabaseService,1
/home/sandro/workspace/sandro/MLCQCodeSmellSamples/scripts/../dataset/spring-data-neo4j_bf5704c5f710656d30e93eae8b89ebedb1b920cc/spring-data-neo4j/src/test/java/org/springframework/data/neo4j/transaction/TransactionalEventListenerTests.java,org.springframework.data.neo4j.transaction.TransactionalEventListenerTests$EventCollector,getEvents/1[java.lang.String],events,2
/home/sandro/workspace/sandro/MLCQCodeSmellSamples/scripts/../dataset/spring-data-neo4j_bf5704c5f710656d30e93eae8b89ebedb1b920cc/spring-data-neo4j/src/test/java/org/springframework/data/neo4j/transaction/TransactionalEventListenerTests.java,org.springframework.data.neo4j.transaction.TransactionalEventListenerTests$EventCollector,"addEvent/2[java.lang.String,java.lang.Object]",events,1
/home/sandro/workspace/sandro/MLCQCodeSmellSamples/scripts/../dataset/spring-data-neo4j_bf5704c5f710656d30e93eae8b89ebedb1b920cc/spring-data-neo4j/src/test/java/org/springframework/data/neo4j/transaction/TransactionalEventListenerTests.java,org.springframework.data.neo4j.transaction.TransactionalEventListenerTests$EventCollector,assertTotalEventsCount/1[int],events,2
/home/sandro/workspace/sandro/MLCQCodeSmellSamples/scripts/../dataset/spring-data-neo4j_bf5704c5f710656d30e93eae8b89ebedb1b920cc/spring-data-neo4j/src/test/java/org/springframework/data/neo4j/transaction/TransactionalEventListenerTests.java,org.springframework.data.neo4j.transaction.TransactionalEventListenerTests$EventCollector,assertNoEventReceived/1[java.lang.String[]],ALL_PHASES,1
/home/sandro/workspace/sandro/MLCQCodeSmellSamples/scripts/../dataset/spring-data-neo4j_bf5704c5f710656d30e93eae8b89ebedb1b920cc/spring-data-neo4j/src/test/java/org/springframework/data/neo4j/examples/galaxy/WorldRepositoryTests.java,org.springframework.data.neo4j.examples.galaxy.WorldRepositoryTests,multipleThreadsResultsGetMixedUp/0,failed,3
/home/sandro/workspace/sandro/MLCQCodeSmellSamples/scripts/../dataset/spring-data-neo4j_bf5704c5f710656d30e93eae8b89ebedb1b920cc/spring-data-neo4j/src/test/java/org/springframework/data/neo4j/examples/galaxy/WorldRepositoryTests.java,org.springframework.data.neo4j.examples.galaxy.WorldRepositoryTests,multipleThreadsResultsGetMixedUp/0,worldRepository,4
/home/sandro/workspace/sandro/MLCQCodeSmellSamples/scripts/../dataset/spring-data-neo4j_bf5704c5f710656d30e93eae8b89ebedb1b920cc/spring-data-neo4j/src/test/java/org/springframework/data/neo4j/examples/galaxy/WorldRepositoryTests.java,org.springframework.data.neo4j.examples.galaxy.WorldRepositoryTests,findByNameSingleResult/0,worldRepository,3
/home/sandro/workspace/sandro/MLCQCodeSmellSamples/scripts/../dataset/spring-data-neo4j_bf5704c5f710656d30e93eae8b89ebedb1b920cc/spring-data-neo4j/src/test/java/org/springframework/data/neo4j/repository/support/TransactionalRepositoryTests.java,org.springframework.data.neo4j.repository.support.TransactionalRepositoryTests,tearDown/0,repository,1
/home/sandro/workspace/sandro/MLCQCodeSmellSamples/scripts/../dataset/spring-data-neo4j_bf5704c5f710656d30e93eae8b89ebedb1b920cc/spring-data-neo4j/src/test/java/org/springframework/data/neo4j/repository/support/TransactionalRepositoryTests.java,org.springframework.data.neo4j.repository.support.TransactionalRepositoryTests,invokeRedeclaredDeleteMethodWithoutTransactionDeclaration/0,transactionManager,1
/home/sandro/workspace/sandro/MLCQCodeSmellSamples/scripts/../dataset/spring-data-neo4j_bf5704c5f710656d30e93eae8b89ebedb1b920cc/spring-data-neo4j/src/test/java/org/springframework/data/neo4j/repository/support/TransactionalRepositoryTests.java,org.springframework.data.neo4j.repository.support.TransactionalRepositoryTests,invokeRedeclaredDeleteMethodWithoutTransactionDeclaration/0,repository,2
/home/sandro/workspace/sandro/MLCQCodeSmellSamples/scripts/../dataset/spring-data-neo4j_bf5704c5f710656d30e93eae8b89ebedb1b920cc/spring-data-neo4j/src/test/java/org/springframework/data/neo4j/repository/support/TransactionalRepositoryTests.java,org.springframework.data.neo4j.repository.support.TransactionalRepositoryTests,invokeRedeclaredMethod/0,transactionManager,1
/home/sandro/workspace/sandro/MLCQCodeSmellSamples/scripts/../dataset/spring-data-neo4j_bf5704c5f710656d30e93eae8b89ebedb1b920cc/spring-data-neo4j/src/test/java/org/springframework/data/neo4j/repository/support/TransactionalRepositoryTests.java,org.springframework.data.neo4j.repository.support.TransactionalRepositoryTests,invokeRedeclaredMethod/0,repository,1
/home/sandro/workspace/sandro/MLCQCodeSmellSamples/scripts/../dataset/spring-data-neo4j_bf5704c5f710656d30e93eae8b89ebedb1b920cc/spring-data-neo4j/src/test/java/org/springframework/data/neo4j/repository/support/TransactionalRepositoryTests.java,org.springframework.data.neo4j.repository.support.TransactionalRepositoryTests,setUp/0,graphDatabaseService,1
/home/sandro/workspace/sandro/MLCQCodeSmellSamples/scripts/../dataset/spring-data-neo4j_bf5704c5f710656d30e93eae8b89ebedb1b920cc/spring-data-neo4j/src/test/java/org/springframework/data/neo4j/repository/support/TransactionalRepositoryTests.java,org.springframework.data.neo4j.repository.support.TransactionalRepositoryTests,setUp/0,transactionManager,1
/home/sandro/workspace/sandro/MLCQCodeSmellSamples/scripts/../dataset/spring-data-neo4j_bf5704c5f710656d30e93eae8b89ebedb1b920cc/spring-data-neo4j/src/test/java/org/springframework/data/neo4j/repository/support/TransactionalRepositoryTests.java,org.springframework.data.neo4j.repository.support.TransactionalRepositoryTests,simpleManipulatingOperation/0,transactionManager,1
/home/sandro/workspace/sandro/MLCQCodeSmellSamples/scripts/../dataset/spring-data-neo4j_bf5704c5f710656d30e93eae8b89ebedb1b920cc/spring-data-neo4j/src/test/java/org/springframework/data/neo4j/repository/support/TransactionalRepositoryTests.java,org.springframework.data.neo4j.repository.support.TransactionalRepositoryTests,simpleManipulatingOperation/0,repository,1
/home/sandro/workspace/sandro/MLCQCodeSmellSamples/scripts/../dataset/spring-data-neo4j_bf5704c5f710656d30e93eae8b89ebedb1b920cc/spring-data-neo4j/src/test/java/org/springframework/data/neo4j/repository/support/TransactionalRepositoryTests.java,org.springframework.data.neo4j.repository.support.TransactionalRepositoryTests,invokeTransactionalFinder/0,transactionManager,1
/home/sandro/workspace/sandro/MLCQCodeSmellSamples/scripts/../dataset/spring-data-neo4j_bf5704c5f710656d30e93eae8b89ebedb1b920cc/spring-data-neo4j/src/test/java/org/springframework/data/neo4j/repository/support/TransactionalRepositoryTests.java,org.springframework.data.neo4j.repository.support.TransactionalRepositoryTests,invokeTransactionalFinder/0,repository,1
/home/sandro/workspace/sandro/MLCQCodeSmellSamples/scripts/../dataset/spring-data-neo4j_bf5704c5f710656d30e93eae8b89ebedb1b920cc/spring-data-neo4j/src/test/java/org/springframework/data/neo4j/repository/support/TransactionalRepositoryTests.java,org.springframework.data.neo4j.repository.support.TransactionalRepositoryTests,unannotatedFinder/0,transactionManager,1
/home/sandro/workspace/sandro/MLCQCodeSmellSamples/scripts/../dataset/spring-data-neo4j_bf5704c5f710656d30e93eae8b89ebedb1b920cc/spring-data-neo4j/src/test/java/org/springframework/data/neo4j/repository/support/TransactionalRepositoryTests.java,org.springframework.data.neo4j.repository.support.TransactionalRepositoryTests,unannotatedFinder/0,repository,1
/home/sandro/workspace/sandro/MLCQCodeSmellSamples/scripts/../dataset/spring-data-neo4j_bf5704c5f710656d30e93eae8b89ebedb1b920cc/spring-data-neo4j/src/test/java/org/springframework/data/neo4j/examples/friends/FriendService.java,org.springframework.data.neo4j.examples.friends.FriendService,createPersonAndFriends/0,session,9
/home/sandro/workspace/sandro/MLCQCodeSmellSamples/scripts/../dataset/spring-data-neo4j_bf5704c5f710656d30e93eae8b89ebedb1b920cc/spring-data-neo4j/src/main/java/org/springframework/data/neo4j/mapping/Neo4jMappingContext.java,org.springframework.data.neo4j.mapping.Neo4jMappingContext$NativePointArrayConverter,toEntityAttribute/1[org.springframework.data.neo4j.mapping.GeographicPoint2d[]],delegate,1
/home/sandro/workspace/sandro/MLCQCodeSmellSamples/scripts/../dataset/spring-data-neo4j_bf5704c5f710656d30e93eae8b89ebedb1b920cc/spring-data-neo4j/src/main/java/org/springframework/data/neo4j/mapping/Neo4jMappingContext.java,org.springframework.data.neo4j.mapping.Neo4jMappingContext$NativePointArrayConverter,toGraphProperty/1[org.springframework.data.neo4j.mapping.Point[]],delegate,1
/home/sandro/workspace/sandro/MLCQCodeSmellSamples/scripts/../dataset/spring-data-neo4j_bf5704c5f710656d30e93eae8b89ebedb1b920cc/spring-data-neo4j/src/test/java/org/springframework/data/neo4j/examples/movies/domain/TempMovie.java,org.springframework.data.neo4j.examples.movies.domain.TempMovie,getName/0,name,1
/home/sandro/workspace/sandro/MLCQCodeSmellSamples/scripts/../dataset/spring-data-neo4j_bf5704c5f710656d30e93eae8b89ebedb1b920cc/spring-data-neo4j/src/test/java/org/springframework/data/neo4j/examples/movies/domain/TempMovie.java,org.springframework.data.neo4j.examples.movies.domain.TempMovie,addRating/1[org.springframework.data.neo4j.examples.movies.domain.Rating],ratings,1
/home/sandro/workspace/sandro/MLCQCodeSmellSamples/scripts/../dataset/spring-data-neo4j_bf5704c5f710656d30e93eae8b89ebedb1b920cc/spring-data-neo4j/src/test/java/org/springframework/data/neo4j/examples/movies/domain/TempMovie.java,org.springframework.data.neo4j.examples.movies.domain.TempMovie,TempMovie/1[java.lang.String],name,3
/home/sandro/workspace/sandro/MLCQCodeSmellSamples/scripts/../dataset/spring-data-neo4j_bf5704c5f710656d30e93eae8b89ebedb1b920cc/spring-data-neo4j/src/test/java/org/springframework/data/neo4j/examples/movies/domain/TempMovie.java,org.springframework.data.neo4j.examples.movies.domain.TempMovie,getRatings/0,ratings,1
/home/sandro/workspace/sandro/MLCQCodeSmellSamples/scripts/../dataset/spring-data-neo4j_bf5704c5f710656d30e93eae8b89ebedb1b920cc/spring-data-neo4j/src/main/java/org/springframework/data/neo4j/web/support/OpenSessionInViewFilter.java,org.springframework.data.neo4j.web.support.OpenSessionInViewFilter,createSession/1[org.springframework.data.neo4j.web.support.SessionFactory],sessionFactory,3
/home/sandro/workspace/sandro/MLCQCodeSmellSamples/scripts/../dataset/spring-data-neo4j_bf5704c5f710656d30e93eae8b89ebedb1b920cc/spring-data-neo4j/src/main/java/org/springframework/data/neo4j/web/support/OpenSessionInViewFilter.java,org.springframework.data.neo4j.web.support.OpenSessionInViewFilter,lookupSessionFactory/0,DEFAULT_SESSION_FACTORY_BEAN_NAME,2
/home/sandro/workspace/sandro/MLCQCodeSmellSamples/scripts/../dataset/spring-data-neo4j_bf5704c5f710656d30e93eae8b89ebedb1b920cc/spring-data-neo4j/src/main/java/org/springframework/data/neo4j/web/support/OpenSessionInViewFilter.java,org.springframework.data.neo4j.web.support.OpenSessionInViewFilter,setSessionFactoryBeanName/1[java.lang.String],DEFAULT_SESSION_FACTORY_BEAN_NAME,1
/home/sandro/workspace/sandro/MLCQCodeSmellSamples/scripts/../dataset/spring-data-neo4j_bf5704c5f710656d30e93eae8b89ebedb1b920cc/spring-data-neo4j/src/main/java/org/springframework/data/neo4j/web/support/OpenSessionInViewFilter.java,org.springframework.data.neo4j.web.support.OpenSessionInViewFilter,setSessionFactoryBeanName/1[java.lang.String],sessionFactoryBeanName,3
/home/sandro/workspace/sandro/MLCQCodeSmellSamples/scripts/../dataset/spring-data-neo4j_bf5704c5f710656d30e93eae8b89ebedb1b920cc/spring-data-neo4j/src/main/java/org/springframework/data/neo4j/web/support/OpenSessionInViewFilter.java,org.springframework.data.neo4j.web.support.OpenSessionInViewFilter,getSessionFactoryBeanName/0,sessionFactoryBeanName,1
/home/sandro/workspace/sandro/MLCQCodeSmellSamples/scripts/../dataset/spring-data-neo4j_bf5704c5f710656d30e93eae8b89ebedb1b920cc/spring-data-neo4j/src/main/java/org/springframework/data/neo4j/web/support/OpenSessionInViewFilter.java,org.springframework.data.neo4j.web.support.OpenSessionInViewFilter,lookupSessionFactory/1[org.springframework.data.neo4j.web.support.HttpServletRequest],sessionFactory,3
/home/sandro/workspace/sandro/MLCQCodeSmellSamples/scripts/../dataset/spring-data-neo4j_bf5704c5f710656d30e93eae8b89ebedb1b920cc/spring-data-neo4j/src/test/java/org/springframework/data/neo4j/transaction/TransactionalEventListenerTests.java,org.springframework.data.neo4j.transaction.TransactionalEventListenerTests,afterRollback/0,transactionTemplate,1
/home/sandro/workspace/sandro/MLCQCodeSmellSamples/scripts/../dataset/spring-data-neo4j_bf5704c5f710656d30e93eae8b89ebedb1b920cc/spring-data-neo4j/src/test/java/org/springframework/data/neo4j/transaction/TransactionalEventListenerTests.java,org.springframework.data.neo4j.transaction.TransactionalEventListenerTests,beforeCommit/0,transactionTemplate,1
/home/sandro/workspace/sandro/MLCQCodeSmellSamples/scripts/../dataset/spring-data-neo4j_bf5704c5f710656d30e93eae8b89ebedb1b920cc/spring-data-neo4j/src/test/java/org/springframework/data/neo4j/transaction/TransactionalEventListenerTests.java,org.springframework.data.neo4j.transaction.TransactionalEventListenerTests,afterCommit/0,transactionTemplate,1
/home/sandro/workspace/sandro/MLCQCodeSmellSamples/scripts/../dataset/spring-data-neo4j_bf5704c5f710656d30e93eae8b89ebedb1b920cc/spring-data-neo4j/src/test/java/org/springframework/data/neo4j/transaction/TransactionalEventListenerTests.java,org.springframework.data.neo4j.transaction.TransactionalEventListenerTests,afterCompletionRollback/0,transactionTemplate,1
/home/sandro/workspace/sandro/MLCQCodeSmellSamples/scripts/../dataset/spring-data-neo4j_bf5704c5f710656d30e93eae8b89ebedb1b920cc/spring-data-neo4j/src/test/java/org/springframework/data/neo4j/transaction/TransactionalEventListenerTests.java,org.springframework.data.neo4j.transaction.TransactionalEventListenerTests,conditionFoundOnTransactionalEventListener/0,transactionTemplate,1
/home/sandro/workspace/sandro/MLCQCodeSmellSamples/scripts/../dataset/spring-data-neo4j_bf5704c5f710656d30e93eae8b89ebedb1b920cc/spring-data-neo4j/src/test/java/org/springframework/data/neo4j/transaction/TransactionalEventListenerTests.java,org.springframework.data.neo4j.transaction.TransactionalEventListenerTests,afterCompletionCommit/0,transactionTemplate,1
/home/sandro/workspace/sandro/MLCQCodeSmellSamples/scripts/../dataset/spring-data-neo4j_bf5704c5f710656d30e93eae8b89ebedb1b920cc/spring-data-neo4j/src/test/java/org/springframework/data/neo4j/transaction/TransactionalEventListenerTests.java,org.springframework.data.neo4j.transaction.TransactionalEventListenerTests,regularTransaction/0,transactionTemplate,1
/home/sandro/workspace/sandro/MLCQCodeSmellSamples/scripts/../dataset/spring-data-neo4j_bf5704c5f710656d30e93eae8b89ebedb1b920cc/spring-data-neo4j/src/test/java/org/springframework/data/neo4j/transaction/TransactionalEventListenerTests.java,org.springframework.data.neo4j.transaction.TransactionalEventListenerTests,afterCommitWithTransactionalComponentListenerProxiedViaDynamicProxy/0,transactionTemplate,1
/home/sandro/workspace/sandro/MLCQCodeSmellSamples/scripts/../dataset/spring-data-neo4j_bf5704c5f710656d30e93eae8b89ebedb1b920cc/spring-data-neo4j/src/test/java/org/springframework/data/neo4j/transaction/TransactionalEventListenerTests.java,org.springframework.data.neo4j.transaction.TransactionalEventListenerTests,noTransaction/0,context,1
/home/sandro/workspace/sandro/MLCQCodeSmellSamples/scripts/../dataset/spring-data-neo4j_bf5704c5f710656d30e93eae8b89ebedb1b920cc/spring-data-neo4j/src/test/java/org/springframework/data/neo4j/transaction/TransactionalEventListenerTests.java,org.springframework.data.neo4j.transaction.TransactionalEventListenerTests,noTransactionWithFallbackExecution/0,context,1
/home/sandro/workspace/sandro/MLCQCodeSmellSamples/scripts/../dataset/spring-data-neo4j_bf5704c5f710656d30e93eae8b89ebedb1b920cc/spring-data-neo4j/src/test/java/org/springframework/data/neo4j/transaction/TransactionalEventListenerTests.java,org.springframework.data.neo4j.transaction.TransactionalEventListenerTests,noTransactionWithFallbackExecution/0,eventCollector,4
/home/sandro/workspace/sandro/MLCQCodeSmellSamples/scripts/../dataset/spring-data-neo4j_bf5704c5f710656d30e93eae8b89ebedb1b920cc/spring-data-neo4j/src/test/java/org/springframework/data/neo4j/transaction/TransactionalEventListenerTests.java,org.springframework.data.neo4j.transaction.TransactionalEventListenerTests,conditionFoundOnMetaAnnotation/0,transactionTemplate,1
/home/sandro/workspace/sandro/MLCQCodeSmellSamples/scripts/../dataset/spring-data-neo4j_bf5704c5f710656d30e93eae8b89ebedb1b920cc/spring-data-neo4j/src/test/java/org/springframework/data/neo4j/transaction/TransactionalEventListenerTests.java,org.springframework.data.neo4j.transaction.TransactionalEventListenerTests,beforeCommitWithException/0,transactionTemplate,1
/home/sandro/workspace/sandro/MLCQCodeSmellSamples/scripts/../dataset/spring-data-neo4j_bf5704c5f710656d30e93eae8b89ebedb1b920cc/spring-data-neo4j/src/test/java/org/springframework/data/neo4j/transaction/TransactionalEventListenerTests.java,org.springframework.data.neo4j.transaction.TransactionalEventListenerTests,doLoad/1[java.lang.Class<?>[]],context,2
/home/sandro/workspace/sandro/MLCQCodeSmellSamples/scripts/../dataset/spring-data-neo4j_bf5704c5f710656d30e93eae8b89ebedb1b920cc/spring-data-neo4j/src/test/java/org/springframework/data/neo4j/transaction/TransactionalEventListenerTests.java,org.springframework.data.neo4j.transaction.TransactionalEventListenerTests,doLoad/1[java.lang.Class<?>[]],eventCollector,1
/home/sandro/workspace/sandro/MLCQCodeSmellSamples/scripts/../dataset/spring-data-neo4j_bf5704c5f710656d30e93eae8b89ebedb1b920cc/spring-data-neo4j/src/test/java/org/springframework/data/neo4j/transaction/TransactionalEventListenerTests.java,org.springframework.data.neo4j.transaction.TransactionalEventListenerTests,closeContext/0,context,2
/home/sandro/workspace/sandro/MLCQCodeSmellSamples/scripts/../dataset/spring-data-neo4j_bf5704c5f710656d30e93eae8b89ebedb1b920cc/spring-data-neo4j/src/test/java/org/springframework/data/neo4j/transaction/TransactionalEventListenerTests.java,org.springframework.data.neo4j.transaction.TransactionalEventListenerTests,getContext/0,context,1
/home/sandro/workspace/sandro/MLCQCodeSmellSamples/scripts/../dataset/spring-data-neo4j_bf5704c5f710656d30e93eae8b89ebedb1b920cc/spring-data-neo4j/src/test/java/org/springframework/data/neo4j/transaction/TransactionalEventListenerTests.java,org.springframework.data.neo4j.transaction.TransactionalEventListenerTests,getEventCollector/0,eventCollector,1
/home/sandro/workspace/sandro/MLCQCodeSmellSamples/scripts/../dataset/spring-data-neo4j_bf5704c5f710656d30e93eae8b89ebedb1b920cc/spring-data-neo4j/src/test/java/org/springframework/data/neo4j/transaction/TransactionalEventListenerTests.java,org.springframework.data.neo4j.transaction.TransactionalEventListenerTests,immediatelyImpactsCurrentTransaction/0,transactionTemplate,1
/home/sandro/workspace/sandro/MLCQCodeSmellSamples/scripts/../dataset/spring-data-neo4j_bf5704c5f710656d30e93eae8b89ebedb1b920cc/spring-data-neo4j/src/test/java/org/springframework/data/neo4j/transaction/TransactionalEventListenerTests.java,org.springframework.data.neo4j.transaction.TransactionalEventListenerTests,afterCommitMetaAnnotation/0,transactionTemplate,1
/home/sandro/workspace/sandro/MLCQCodeSmellSamples/scripts/../dataset/spring-data-neo4j_bf5704c5f710656d30e93eae8b89ebedb1b920cc/spring-data-neo4j/src/test/java/org/springframework/data/neo4j/transaction/TransactionalEventListenerTests.java,org.springframework.data.neo4j.transaction.TransactionalEventListenerTests,immediately/0,transactionTemplate,1
/home/sandro/workspace/sandro/MLCQCodeSmellSamples/scripts/../dataset/spring-data-neo4j_bf5704c5f710656d30e93eae8b89ebedb1b920cc/spring-data-neo4j/src/test/java/org/springframework/data/neo4j/nativetypes/TimeFindByTests.java,org.springframework.data.neo4j.nativetypes.TimeFindByTests,findByDuration/0,duration,1
/home/sandro/workspace/sandro/MLCQCodeSmellSamples/scripts/../dataset/spring-data-neo4j_bf5704c5f710656d30e93eae8b89ebedb1b920cc/spring-data-neo4j/src/test/java/org/springframework/data/neo4j/nativetypes/TimeFindByTests.java,org.springframework.data.neo4j.nativetypes.TimeFindByTests,findByDuration/0,repository,1
/home/sandro/workspace/sandro/MLCQCodeSmellSamples/scripts/../dataset/spring-data-neo4j_bf5704c5f710656d30e93eae8b89ebedb1b920cc/spring-data-neo4j/src/test/java/org/springframework/data/neo4j/nativetypes/TimeFindByTests.java,org.springframework.data.neo4j.nativetypes.TimeFindByTests,findByLocalDateTime/0,localDateTime,1
/home/sandro/workspace/sandro/MLCQCodeSmellSamples/scripts/../dataset/spring-data-neo4j_bf5704c5f710656d30e93eae8b89ebedb1b920cc/spring-data-neo4j/src/test/java/org/springframework/data/neo4j/nativetypes/TimeFindByTests.java,org.springframework.data.neo4j.nativetypes.TimeFindByTests,findByLocalDateTime/0,repository,1
/home/sandro/workspace/sandro/MLCQCodeSmellSamples/scripts/../dataset/spring-data-neo4j_bf5704c5f710656d30e93eae8b89ebedb1b920cc/spring-data-neo4j/src/test/java/org/springframework/data/neo4j/nativetypes/TimeFindByTests.java,org.springframework.data.neo4j.nativetypes.TimeFindByTests,findByLocalDate/0,localDate,1
/home/sandro/workspace/sandro/MLCQCodeSmellSamples/scripts/../dataset/spring-data-neo4j_bf5704c5f710656d30e93eae8b89ebedb1b920cc/spring-data-neo4j/src/test/java/org/springframework/data/neo4j/nativetypes/TimeFindByTests.java,org.springframework.data.neo4j.nativetypes.TimeFindByTests,findByLocalDate/0,repository,1
/home/sandro/workspace/sandro/MLCQCodeSmellSamples/scripts/../dataset/spring-data-neo4j_bf5704c5f710656d30e93eae8b89ebedb1b920cc/spring-data-neo4j/src/test/java/org/springframework/data/neo4j/nativetypes/TimeFindByTests.java,org.springframework.data.neo4j.nativetypes.TimeFindByTests,findByPeriod/0,period,1
/home/sandro/workspace/sandro/MLCQCodeSmellSamples/scripts/../dataset/spring-data-neo4j_bf5704c5f710656d30e93eae8b89ebedb1b920cc/spring-data-neo4j/src/test/java/org/springframework/data/neo4j/nativetypes/TimeFindByTests.java,org.springframework.data.neo4j.nativetypes.TimeFindByTests,findByPeriod/0,repository,1
/home/sandro/workspace/sandro/MLCQCodeSmellSamples/scripts/../dataset/spring-data-neo4j_bf5704c5f710656d30e93eae8b89ebedb1b920cc/spring-data-neo4j/src/test/java/org/springframework/data/neo4j/nativetypes/TimeFindByTests.java,org.springframework.data.neo4j.nativetypes.TimeFindByTests,setUpDomainObject/0,date,2
/home/sandro/workspace/sandro/MLCQCodeSmellSamples/scripts/../dataset/spring-data-neo4j_bf5704c5f710656d30e93eae8b89ebedb1b920cc/spring-data-neo4j/src/test/java/org/springframework/data/neo4j/nativetypes/TimeFindByTests.java,org.springframework.data.neo4j.nativetypes.TimeFindByTests,setUpDomainObject/0,localDateTime,2
/home/sandro/workspace/sandro/MLCQCodeSmellSamples/scripts/../dataset/spring-data-neo4j_bf5704c5f710656d30e93eae8b89ebedb1b920cc/spring-data-neo4j/src/test/java/org/springframework/data/neo4j/nativetypes/TimeFindByTests.java,org.springframework.data.neo4j.nativetypes.TimeFindByTests,setUpDomainObject/0,duration,2
/home/sandro/workspace/sandro/MLCQCodeSmellSamples/scripts/../dataset/spring-data-neo4j_bf5704c5f710656d30e93eae8b89ebedb1b920cc/spring-data-neo4j/src/test/java/org/springframework/data/neo4j/nativetypes/TimeFindByTests.java,org.springframework.data.neo4j.nativetypes.TimeFindByTests,setUpDomainObject/0,period,3
/home/sandro/workspace/sandro/MLCQCodeSmellSamples/scripts/../dataset/spring-data-neo4j_bf5704c5f710656d30e93eae8b89ebedb1b920cc/spring-data-neo4j/src/test/java/org/springframework/data/neo4j/nativetypes/TimeFindByTests.java,org.springframework.data.neo4j.nativetypes.TimeFindByTests,setUpDomainObject/0,timeDomain,10
/home/sandro/workspace/sandro/MLCQCodeSmellSamples/scripts/../dataset/spring-data-neo4j_bf5704c5f710656d30e93eae8b89ebedb1b920cc/spring-data-neo4j/src/test/java/org/springframework/data/neo4j/nativetypes/TimeFindByTests.java,org.springframework.data.neo4j.nativetypes.TimeFindByTests,setUpDomainObject/0,localDate,2
/home/sandro/workspace/sandro/MLCQCodeSmellSamples/scripts/../dataset/spring-data-neo4j_bf5704c5f710656d30e93eae8b89ebedb1b920cc/spring-data-neo4j/src/test/java/org/springframework/data/neo4j/nativetypes/TimeFindByTests.java,org.springframework.data.neo4j.nativetypes.TimeFindByTests,setUpDomainObject/0,repository,2
/home/sandro/workspace/sandro/MLCQCodeSmellSamples/scripts/../dataset/spring-data-neo4j_bf5704c5f710656d30e93eae8b89ebedb1b920cc/spring-data-neo4j/src/test/java/org/springframework/data/neo4j/nativetypes/TimeFindByTests.java,org.springframework.data.neo4j.nativetypes.TimeFindByTests,setUpDomainObject/0,temporalAmount,2
/home/sandro/workspace/sandro/MLCQCodeSmellSamples/scripts/../dataset/spring-data-neo4j_bf5704c5f710656d30e93eae8b89ebedb1b920cc/spring-data-neo4j/src/test/java/org/springframework/data/neo4j/nativetypes/TimeFindByTests.java,org.springframework.data.neo4j.nativetypes.TimeFindByTests,findByDate/0,date,1
/home/sandro/workspace/sandro/MLCQCodeSmellSamples/scripts/../dataset/spring-data-neo4j_bf5704c5f710656d30e93eae8b89ebedb1b920cc/spring-data-neo4j/src/test/java/org/springframework/data/neo4j/nativetypes/TimeFindByTests.java,org.springframework.data.neo4j.nativetypes.TimeFindByTests,findByDate/0,repository,1
/home/sandro/workspace/sandro/MLCQCodeSmellSamples/scripts/../dataset/spring-data-neo4j_bf5704c5f710656d30e93eae8b89ebedb1b920cc/spring-data-neo4j/src/test/java/org/springframework/data/neo4j/nativetypes/TimeFindByTests.java,org.springframework.data.neo4j.nativetypes.TimeFindByTests,findByTemporalAmount/0,repository,1
/home/sandro/workspace/sandro/MLCQCodeSmellSamples/scripts/../dataset/spring-data-neo4j_bf5704c5f710656d30e93eae8b89ebedb1b920cc/spring-data-neo4j/src/test/java/org/springframework/data/neo4j/nativetypes/TimeFindByTests.java,org.springframework.data.neo4j.nativetypes.TimeFindByTests,findByTemporalAmount/0,temporalAmount,1
/home/sandro/workspace/sandro/MLCQCodeSmellSamples/scripts/../dataset/spring-data-neo4j_bf5704c5f710656d30e93eae8b89ebedb1b920cc/spring-data-neo4j/src/test/java/org/springframework/data/neo4j/integration/constructors/domain/PersonMultipleConstructors.java,org.springframework.data.neo4j.integration.constructors.domain.PersonMultipleConstructors,PersonMultipleConstructors/1[java.lang.String],lastName,3
/home/sandro/workspace/sandro/MLCQCodeSmellSamples/scripts/../dataset/spring-data-neo4j_bf5704c5f710656d30e93eae8b89ebedb1b920cc/spring-data-neo4j/src/test/java/org/springframework/data/neo4j/integration/constructors/domain/PersonMultipleConstructors.java,org.springframework.data.neo4j.integration.constructors.domain.PersonMultipleConstructors,getLastName/0,lastName,1
/home/sandro/workspace/sandro/MLCQCodeSmellSamples/scripts/../dataset/spring-data-neo4j_bf5704c5f710656d30e93eae8b89ebedb1b920cc/spring-data-neo4j/src/test/java/org/springframework/data/neo4j/integration/constructors/domain/PersonMultipleConstructors.java,org.springframework.data.neo4j.integration.constructors.domain.PersonMultipleConstructors,"PersonMultipleConstructors/2[java.lang.String,java.lang.String]",firstName,3
/home/sandro/workspace/sandro/MLCQCodeSmellSamples/scripts/../dataset/spring-data-neo4j_bf5704c5f710656d30e93eae8b89ebedb1b920cc/spring-data-neo4j/src/test/java/org/springframework/data/neo4j/integration/constructors/domain/PersonMultipleConstructors.java,org.springframework.data.neo4j.integration.constructors.domain.PersonMultipleConstructors,"PersonMultipleConstructors/2[java.lang.String,java.lang.String]",lastName,3
/home/sandro/workspace/sandro/MLCQCodeSmellSamples/scripts/../dataset/spring-data-neo4j_bf5704c5f710656d30e93eae8b89ebedb1b920cc/spring-data-neo4j/src/test/java/org/springframework/data/neo4j/integration/constructors/domain/PersonMultipleConstructors.java,org.springframework.data.neo4j.integration.constructors.domain.PersonMultipleConstructors,getFirstName/0,firstName,1
/home/sandro/workspace/sandro/MLCQCodeSmellSamples/scripts/../dataset/spring-data-neo4j_bf5704c5f710656d30e93eae8b89ebedb1b920cc/spring-data-neo4j/src/main/java/org/springframework/data/neo4j/transaction/SharedSessionCreator.java,org.springframework.data.neo4j.transaction.SharedSessionCreator$SharedSessionInvocationHandler,SharedSessionInvocationHandler/1[org.springframework.data.neo4j.transaction.SessionFactory],sessionFactory,3
/home/sandro/workspace/sandro/MLCQCodeSmellSamples/scripts/../dataset/spring-data-neo4j_bf5704c5f710656d30e93eae8b89ebedb1b920cc/spring-data-neo4j/src/main/java/org/springframework/data/neo4j/transaction/SharedSessionCreator.java,org.springframework.data.neo4j.transaction.SharedSessionCreator$SharedSessionInvocationHandler,"invokeInTransaction/2[java.lang.String,java.util.function.Function<org.springframework.data.neo4j.transaction.Session,java.lang.Object>]",logger,1
/home/sandro/workspace/sandro/MLCQCodeSmellSamples/scripts/../dataset/spring-data-neo4j_bf5704c5f710656d30e93eae8b89ebedb1b920cc/spring-data-neo4j/src/main/java/org/springframework/data/neo4j/transaction/SharedSessionCreator.java,org.springframework.data.neo4j.transaction.SharedSessionCreator$SharedSessionInvocationHandler,"invokeInTransaction/2[java.lang.String,java.util.function.Function<org.springframework.data.neo4j.transaction.Session,java.lang.Object>]",sessionFactory,2
/home/sandro/workspace/sandro/MLCQCodeSmellSamples/scripts/../dataset/spring-data-neo4j_bf5704c5f710656d30e93eae8b89ebedb1b920cc/spring-data-neo4j/src/main/java/org/springframework/data/neo4j/transaction/SharedSessionCreator.java,org.springframework.data.neo4j.transaction.SharedSessionCreator$SharedSessionInvocationHandler,"invoke/3[java.lang.Object,java.lang.reflect.Method,java.lang.Object[]]",sessionFactory,2
/home/sandro/workspace/sandro/MLCQCodeSmellSamples/scripts/../dataset/spring-data-neo4j_bf5704c5f710656d30e93eae8b89ebedb1b920cc/spring-data-neo4j/src/test/java/org/springframework/data/neo4j/repository/support/SimpleNeo4jRepositoryTests.java,org.springframework.data.neo4j.repository.support.SimpleNeo4jRepositoryTests,pageCorrectForMoreThanOneElementPageWithOneResult/0,twoElementPageRequest,1
/home/sandro/workspace/sandro/MLCQCodeSmellSamples/scripts/../dataset/spring-data-neo4j_bf5704c5f710656d30e93eae8b89ebedb1b920cc/spring-data-neo4j/src/test/java/org/springframework/data/neo4j/repository/support/SimpleNeo4jRepositoryTests.java,org.springframework.data.neo4j.repository.support.SimpleNeo4jRepositoryTests,pageCorrectForOneElementPageWithTwoResults/0,oneElementPageRequest,1
/home/sandro/workspace/sandro/MLCQCodeSmellSamples/scripts/../dataset/spring-data-neo4j_bf5704c5f710656d30e93eae8b89ebedb1b920cc/spring-data-neo4j/src/test/java/org/springframework/data/neo4j/repository/support/SimpleNeo4jRepositoryTests.java,org.springframework.data.neo4j.repository.support.SimpleNeo4jRepositoryTests,pageCorrectForOneElementPageWithTwoResults/0,sessionMock,1
/home/sandro/workspace/sandro/MLCQCodeSmellSamples/scripts/../dataset/spring-data-neo4j_bf5704c5f710656d30e93eae8b89ebedb1b920cc/spring-data-neo4j/src/test/java/org/springframework/data/neo4j/repository/support/SimpleNeo4jRepositoryTests.java,org.springframework.data.neo4j.repository.support.SimpleNeo4jRepositoryTests,pageCorrectForOneElementPageWithOneResult/0,oneElementPageRequest,1
/home/sandro/workspace/sandro/MLCQCodeSmellSamples/scripts/../dataset/spring-data-neo4j_bf5704c5f710656d30e93eae8b89ebedb1b920cc/spring-data-neo4j/src/test/java/org/springframework/data/neo4j/repository/support/SimpleNeo4jRepositoryTests.java,org.springframework.data.neo4j.repository.support.SimpleNeo4jRepositoryTests,pageCorrectForOneElementPageWithOneResult/0,sessionMock,1
/home/sandro/workspace/sandro/MLCQCodeSmellSamples/scripts/../dataset/spring-data-neo4j_bf5704c5f710656d30e93eae8b89ebedb1b920cc/spring-data-neo4j/src/test/java/org/springframework/data/neo4j/repository/support/SimpleNeo4jRepositoryTests.java,org.springframework.data.neo4j.repository.support.SimpleNeo4jRepositoryTests,pageCorrectForMoreThanOneElementPageWithTwoResults/0,sessionMock,1
/home/sandro/workspace/sandro/MLCQCodeSmellSamples/scripts/../dataset/spring-data-neo4j_bf5704c5f710656d30e93eae8b89ebedb1b920cc/spring-data-neo4j/src/test/java/org/springframework/data/neo4j/repository/support/SimpleNeo4jRepositoryTests.java,org.springframework.data.neo4j.repository.support.SimpleNeo4jRepositoryTests,pageCorrectForMoreThanOneElementPageWithTwoResults/0,twoElementPageRequest,1
/home/sandro/workspace/sandro/MLCQCodeSmellSamples/scripts/../dataset/spring-data-neo4j_bf5704c5f710656d30e93eae8b89ebedb1b920cc/spring-data-neo4j/src/test/java/org/springframework/data/neo4j/repository/support/SimpleNeo4jRepositoryTests.java,org.springframework.data.neo4j.repository.support.SimpleNeo4jRepositoryTests,"loadPage/2[org.springframework.data.neo4j.repository.support.PageRequest,long]",repository,1
/home/sandro/workspace/sandro/MLCQCodeSmellSamples/scripts/../dataset/spring-data-neo4j_bf5704c5f710656d30e93eae8b89ebedb1b920cc/spring-data-neo4j/src/test/java/org/springframework/data/neo4j/repository/support/SimpleNeo4jRepositoryTests.java,org.springframework.data.neo4j.repository.support.SimpleNeo4jRepositoryTests,"prepareSessionMock/2[org.springframework.data.neo4j.repository.support.PageRequest,long]",sessionMock,2
/home/sandro/workspace/sandro/MLCQCodeSmellSamples/scripts/../dataset/spring-data-neo4j_bf5704c5f710656d30e93eae8b89ebedb1b920cc/spring-data-neo4j/src/test/java/org/springframework/data/neo4j/repositories/domain/User.java,org.springframework.data.neo4j.repositories.domain.User,getId/0,id,1
/home/sandro/workspace/sandro/MLCQCodeSmellSamples/scripts/../dataset/spring-data-neo4j_bf5704c5f710656d30e93eae8b89ebedb1b920cc/spring-data-neo4j/src/test/java/org/springframework/data/neo4j/repositories/domain/User.java,org.springframework.data.neo4j.repositories.domain.User,getName/0,name,1
/home/sandro/workspace/sandro/MLCQCodeSmellSamples/scripts/../dataset/spring-data-neo4j_bf5704c5f710656d30e93eae8b89ebedb1b920cc/spring-data-neo4j/src/test/java/org/springframework/data/neo4j/repositories/domain/User.java,org.springframework.data.neo4j.repositories.domain.User,setName/1[java.lang.String],name,3
/home/sandro/workspace/sandro/MLCQCodeSmellSamples/scripts/../dataset/spring-data-neo4j_bf5704c5f710656d30e93eae8b89ebedb1b920cc/spring-data-neo4j/src/test/java/org/springframework/data/neo4j/repositories/domain/User.java,org.springframework.data.neo4j.repositories.domain.User,User/1[java.lang.String],name,3
/home/sandro/workspace/sandro/MLCQCodeSmellSamples/scripts/../dataset/spring-data-neo4j_bf5704c5f710656d30e93eae8b89ebedb1b920cc/spring-data-neo4j/src/test/java/org/springframework/data/neo4j/repositories/domain/User.java,org.springframework.data.neo4j.repositories.domain.User,setFriends/1[java.util.List<org.springframework.data.neo4j.repositories.domain.User>],friends,3
/home/sandro/workspace/sandro/MLCQCodeSmellSamples/scripts/../dataset/spring-data-neo4j_bf5704c5f710656d30e93eae8b89ebedb1b920cc/spring-data-neo4j/src/test/java/org/springframework/data/neo4j/repositories/domain/User.java,org.springframework.data.neo4j.repositories.domain.User,getFriends/0,friends,1
/home/sandro/workspace/sandro/MLCQCodeSmellSamples/scripts/../dataset/spring-data-neo4j_bf5704c5f710656d30e93eae8b89ebedb1b920cc/spring-data-neo4j/src/test/java/org/springframework/data/neo4j/conversion/ogm618/ResultHolder.java,org.springframework.data.neo4j.conversion.ogm618.ResultHolder,ResultHolder/1[java.util.List<org.springframework.data.neo4j.conversion.ogm618.MyNode>],result,3
/home/sandro/workspace/sandro/MLCQCodeSmellSamples/scripts/../dataset/spring-data-neo4j_bf5704c5f710656d30e93eae8b89ebedb1b920cc/spring-data-neo4j/src/test/java/org/springframework/data/neo4j/conversion/ogm618/ResultHolder.java,org.springframework.data.neo4j.conversion.ogm618.ResultHolder,getResult/0,result,1
/home/sandro/workspace/sandro/MLCQCodeSmellSamples/scripts/../dataset/spring-data-neo4j_bf5704c5f710656d30e93eae8b89ebedb1b920cc/spring-data-neo4j/src/test/java/org/springframework/data/neo4j/conversion/ogm618/ResultHolder.java,org.springframework.data.neo4j.conversion.ogm618.ResultHolder,toString/0,result,1
/home/sandro/workspace/sandro/MLCQCodeSmellSamples/scripts/../dataset/spring-data-neo4j_bf5704c5f710656d30e93eae8b89ebedb1b920cc/spring-data-neo4j/src/test/java/org/springframework/data/neo4j/examples/movies/domain/Person.java,org.springframework.data.neo4j.examples.movies.domain.Person,getId/0,id,1
/home/sandro/workspace/sandro/MLCQCodeSmellSamples/scripts/../dataset/spring-data-neo4j_bf5704c5f710656d30e93eae8b89ebedb1b920cc/spring-data-neo4j/src/test/java/org/springframework/data/neo4j/examples/movies/domain/Person.java,org.springframework.data.neo4j.examples.movies.domain.Person,getName/0,name,1
/home/sandro/workspace/sandro/MLCQCodeSmellSamples/scripts/../dataset/spring-data-neo4j_bf5704c5f710656d30e93eae8b89ebedb1b920cc/spring-data-neo4j/src/test/java/org/springframework/data/neo4j/examples/movies/domain/Person.java,org.springframework.data.neo4j.examples.movies.domain.Person,setName/1[java.lang.String],name,3
/home/sandro/workspace/sandro/MLCQCodeSmellSamples/scripts/../dataset/spring-data-neo4j_bf5704c5f710656d30e93eae8b89ebedb1b920cc/spring-data-neo4j/src/test/java/org/springframework/data/neo4j/examples/movies/domain/Person.java,org.springframework.data.neo4j.examples.movies.domain.Person,hashCode/0,name,2
/home/sandro/workspace/sandro/MLCQCodeSmellSamples/scripts/../dataset/spring-data-neo4j_bf5704c5f710656d30e93eae8b89ebedb1b920cc/spring-data-neo4j/src/test/java/org/springframework/data/neo4j/examples/movies/domain/Person.java,org.springframework.data.neo4j.examples.movies.domain.Person,equals/1[java.lang.Object],name,2
/home/sandro/workspace/sandro/MLCQCodeSmellSamples/scripts/../dataset/spring-data-neo4j_bf5704c5f710656d30e93eae8b89ebedb1b920cc/spring-data-neo4j/src/test/java/org/springframework/data/neo4j/nativetypes/SpatialNearTests.java,org.springframework.data.neo4j.nativetypes.SpatialNearTests,findByNearCartesianPoint2dNoMatch/0,repository,2
/home/sandro/workspace/sandro/MLCQCodeSmellSamples/scripts/../dataset/spring-data-neo4j_bf5704c5f710656d30e93eae8b89ebedb1b920cc/spring-data-neo4j/src/test/java/org/springframework/data/neo4j/nativetypes/SpatialNearTests.java,org.springframework.data.neo4j.nativetypes.SpatialNearTests,findByNearCartesianPoint3dNoMatch/0,repository,2
/home/sandro/workspace/sandro/MLCQCodeSmellSamples/scripts/../dataset/spring-data-neo4j_bf5704c5f710656d30e93eae8b89ebedb1b920cc/spring-data-neo4j/src/test/java/org/springframework/data/neo4j/nativetypes/SpatialNearTests.java,org.springframework.data.neo4j.nativetypes.SpatialNearTests,findByNearGeographicPoint3dNoMatch/0,repository,2
/home/sandro/workspace/sandro/MLCQCodeSmellSamples/scripts/../dataset/spring-data-neo4j_bf5704c5f710656d30e93eae8b89ebedb1b920cc/spring-data-neo4j/src/test/java/org/springframework/data/neo4j/nativetypes/SpatialNearTests.java,org.springframework.data.neo4j.nativetypes.SpatialNearTests,findByNearGeographicPoint3d/0,repository,2
/home/sandro/workspace/sandro/MLCQCodeSmellSamples/scripts/../dataset/spring-data-neo4j_bf5704c5f710656d30e93eae8b89ebedb1b920cc/spring-data-neo4j/src/test/java/org/springframework/data/neo4j/nativetypes/SpatialNearTests.java,org.springframework.data.neo4j.nativetypes.SpatialNearTests,cleanUp/0,repository,1
/home/sandro/workspace/sandro/MLCQCodeSmellSamples/scripts/../dataset/spring-data-neo4j_bf5704c5f710656d30e93eae8b89ebedb1b920cc/spring-data-neo4j/src/test/java/org/springframework/data/neo4j/nativetypes/SpatialNearTests.java,org.springframework.data.neo4j.nativetypes.SpatialNearTests,findByNearCartesianPoint2d/0,repository,2
/home/sandro/workspace/sandro/MLCQCodeSmellSamples/scripts/../dataset/spring-data-neo4j_bf5704c5f710656d30e93eae8b89ebedb1b920cc/spring-data-neo4j/src/test/java/org/springframework/data/neo4j/nativetypes/SpatialNearTests.java,org.springframework.data.neo4j.nativetypes.SpatialNearTests,findByNearGeographicPoint2d/0,repository,2
/home/sandro/workspace/sandro/MLCQCodeSmellSamples/scripts/../dataset/spring-data-neo4j_bf5704c5f710656d30e93eae8b89ebedb1b920cc/spring-data-neo4j/src/test/java/org/springframework/data/neo4j/nativetypes/SpatialNearTests.java,org.springframework.data.neo4j.nativetypes.SpatialNearTests,findByNearGeographicPoint2dNoMatch/0,repository,2
/home/sandro/workspace/sandro/MLCQCodeSmellSamples/scripts/../dataset/spring-data-neo4j_bf5704c5f710656d30e93eae8b89ebedb1b920cc/spring-data-neo4j/src/test/java/org/springframework/data/neo4j/nativetypes/SpatialNearTests.java,org.springframework.data.neo4j.nativetypes.SpatialNearTests,findByNearCartesianPoint3d/0,repository,2
/home/sandro/workspace/sandro/MLCQCodeSmellSamples/scripts/../dataset/spring-data-neo4j_bf5704c5f710656d30e93eae8b89ebedb1b920cc/spring-data-neo4j/src/test/java/org/springframework/data/neo4j/repository/support/DefaultTransactionDisablingIntegrationTests.java,org.springframework.data.neo4j.repository.support.DefaultTransactionDisablingIntegrationTests,persistingAnEntityShouldThrowExceptionDueToMissingTransaction/0,exception,2
/home/sandro/workspace/sandro/MLCQCodeSmellSamples/scripts/../dataset/spring-data-neo4j_bf5704c5f710656d30e93eae8b89ebedb1b920cc/spring-data-neo4j/src/test/java/org/springframework/data/neo4j/repository/support/DefaultTransactionDisablingIntegrationTests.java,org.springframework.data.neo4j.repository.support.DefaultTransactionDisablingIntegrationTests,persistingAnEntityShouldThrowExceptionDueToMissingTransaction/0,repository,1
/home/sandro/workspace/sandro/MLCQCodeSmellSamples/scripts/../dataset/spring-data-neo4j_bf5704c5f710656d30e93eae8b89ebedb1b920cc/spring-data-neo4j/src/test/java/org/springframework/data/neo4j/repository/support/DefaultTransactionDisablingIntegrationTests.java,org.springframework.data.neo4j.repository.support.DefaultTransactionDisablingIntegrationTests,doesNotUseDefaultTransactionsOnNonRedeclaredMethod/0,txManager,1
/home/sandro/workspace/sandro/MLCQCodeSmellSamples/scripts/../dataset/spring-data-neo4j_bf5704c5f710656d30e93eae8b89ebedb1b920cc/spring-data-neo4j/src/test/java/org/springframework/data/neo4j/repository/support/DefaultTransactionDisablingIntegrationTests.java,org.springframework.data.neo4j.repository.support.DefaultTransactionDisablingIntegrationTests,doesNotUseDefaultTransactionsOnNonRedeclaredMethod/0,repository,1
/home/sandro/workspace/sandro/MLCQCodeSmellSamples/scripts/../dataset/spring-data-neo4j_bf5704c5f710656d30e93eae8b89ebedb1b920cc/spring-data-neo4j/src/test/java/org/springframework/data/neo4j/repository/support/DefaultTransactionDisablingIntegrationTests.java,org.springframework.data.neo4j.repository.support.DefaultTransactionDisablingIntegrationTests,considersExplicitConfigurationOnRepositoryInterface/0,txManager,1
/home/sandro/workspace/sandro/MLCQCodeSmellSamples/scripts/../dataset/spring-data-neo4j_bf5704c5f710656d30e93eae8b89ebedb1b920cc/spring-data-neo4j/src/test/java/org/springframework/data/neo4j/repository/support/DefaultTransactionDisablingIntegrationTests.java,org.springframework.data.neo4j.repository.support.DefaultTransactionDisablingIntegrationTests,considersExplicitConfigurationOnRepositoryInterface/0,repository,1
/home/sandro/workspace/sandro/MLCQCodeSmellSamples/scripts/../dataset/spring-data-neo4j_bf5704c5f710656d30e93eae8b89ebedb1b920cc/spring-data-neo4j/src/test/java/org/springframework/data/neo4j/repositories/domain/Movie.java,org.springframework.data.neo4j.repositories.domain.Movie,Movie/1[java.lang.String],title,3
/home/sandro/workspace/sandro/MLCQCodeSmellSamples/scripts/../dataset/spring-data-neo4j_bf5704c5f710656d30e93eae8b89ebedb1b920cc/spring-data-neo4j/src/test/java/org/springframework/data/neo4j/repositories/domain/Movie.java,org.springframework.data.neo4j.repositories.domain.Movie,getTitle/0,title,1
/home/sandro/workspace/sandro/MLCQCodeSmellSamples/scripts/../dataset/spring-data-neo4j_bf5704c5f710656d30e93eae8b89ebedb1b920cc/spring-data-neo4j/src/test/java/org/springframework/data/neo4j/integration/conversion/ShouldPickPrimaryConversionServiceTests.java,org.springframework.data.neo4j.integration.conversion.ShouldPickPrimaryConversionServiceTests,shouldWorkWithArbitraryPrimaryConversionBeans/0,pensionRepository,2
/home/sandro/workspace/sandro/MLCQCodeSmellSamples/scripts/../dataset/spring-data-neo4j_bf5704c5f710656d30e93eae8b89ebedb1b920cc/spring-data-neo4j/src/test/java/org/springframework/data/neo4j/integration/conversion/ShouldPickPrimaryConversionServiceTests.java,org.springframework.data.neo4j.integration.conversion.ShouldPickPrimaryConversionServiceTests,shouldWorkWithArbitraryPrimaryConversionBeans/0,graphDatabaseService,1
/home/sandro/workspace/sandro/MLCQCodeSmellSamples/scripts/../dataset/spring-data-neo4j_bf5704c5f710656d30e93eae8b89ebedb1b920cc/spring-data-neo4j/src/test/java/org/springframework/data/neo4j/integration/conversion/ShouldPickPrimaryConversionServiceTests.java,org.springframework.data.neo4j.integration.conversion.ShouldPickPrimaryConversionServiceTests,setUp/0,graphDatabaseService,1
/home/sandro/workspace/sandro/MLCQCodeSmellSamples/scripts/../dataset/spring-data-neo4j_bf5704c5f710656d30e93eae8b89ebedb1b920cc/spring-data-neo4j/src/test/java/org/springframework/data/neo4j/bookmark/BookmarkManagementTests.java,org.springframework.data.neo4j.bookmark.BookmarkManagementTests,givenUseBookmarkWrapperOnClass_whenRun_thenRemoveBookmarkInfoAfterRun/0,useBookmarkWrapperOnClassBean,1
/home/sandro/workspace/sandro/MLCQCodeSmellSamples/scripts/../dataset/spring-data-neo4j_bf5704c5f710656d30e93eae8b89ebedb1b920cc/spring-data-neo4j/src/test/java/org/springframework/data/neo4j/bookmark/BookmarkManagementTests.java,org.springframework.data.neo4j.bookmark.BookmarkManagementTests,givenUseBookmarkWrapperOnClass_whenRunMethod_thenShouldUseBookmarkIsSet/0,useBookmarkWrapperOnClassBean,1
/home/sandro/workspace/sandro/MLCQCodeSmellSamples/scripts/../dataset/spring-data-neo4j_bf5704c5f710656d30e93eae8b89ebedb1b920cc/spring-data-neo4j/src/test/java/org/springframework/data/neo4j/bookmark/BookmarkManagementTests.java,org.springframework.data.neo4j.bookmark.BookmarkManagementTests,givenUseBookmarkOnMethod_whenRun_thenRemoveBookmarkInfoAfterRun/0,useBookmarkOnMethodBean,1
/home/sandro/workspace/sandro/MLCQCodeSmellSamples/scripts/../dataset/spring-data-neo4j_bf5704c5f710656d30e93eae8b89ebedb1b920cc/spring-data-neo4j/src/test/java/org/springframework/data/neo4j/bookmark/BookmarkManagementTests.java,org.springframework.data.neo4j.bookmark.BookmarkManagementTests,givenUseBookmarkOnClass_whenRunMethod_thenShouldUseBookmarkIsSet/0,useBookmarkOnClassBean,1
/home/sandro/workspace/sandro/MLCQCodeSmellSamples/scripts/../dataset/spring-data-neo4j_bf5704c5f710656d30e93eae8b89ebedb1b920cc/spring-data-neo4j/src/test/java/org/springframework/data/neo4j/bookmark/BookmarkManagementTests.java,org.springframework.data.neo4j.bookmark.BookmarkManagementTests,givenMethodWithoutUseBookmark_whenRun_thenNoBookmarkInfoSet/0,useBookmarkOnMethodBean,1
/home/sandro/workspace/sandro/MLCQCodeSmellSamples/scripts/../dataset/spring-data-neo4j_bf5704c5f710656d30e93eae8b89ebedb1b920cc/spring-data-neo4j/src/test/java/org/springframework/data/neo4j/bookmark/BookmarkManagementTests.java,org.springframework.data.neo4j.bookmark.BookmarkManagementTests,givenUseBookmarkWrapperOnMethod_whenRun_thenRemoveBookmarkInfoAfterRun/0,useBookmarkWrapperOnMethodBean,1
/home/sandro/workspace/sandro/MLCQCodeSmellSamples/scripts/../dataset/spring-data-neo4j_bf5704c5f710656d30e93eae8b89ebedb1b920cc/spring-data-neo4j/src/test/java/org/springframework/data/neo4j/bookmark/BookmarkManagementTests.java,org.springframework.data.neo4j.bookmark.BookmarkManagementTests,givenUseBookmarkWrapperOnClassAndMethodFalse_whenRunMethod_thenShouldUseBookmarkIsSetToFalse/0,useBookmarkWrapperOnClassBean,1
/home/sandro/workspace/sandro/MLCQCodeSmellSamples/scripts/../dataset/spring-data-neo4j_bf5704c5f710656d30e93eae8b89ebedb1b920cc/spring-data-neo4j/src/test/java/org/springframework/data/neo4j/bookmark/BookmarkManagementTests.java,org.springframework.data.neo4j.bookmark.BookmarkManagementTests,givenUseBookmarkOnMethod_whenRun_thenShouldUseBookmarkIsSet/0,useBookmarkOnMethodBean,1
/home/sandro/workspace/sandro/MLCQCodeSmellSamples/scripts/../dataset/spring-data-neo4j_bf5704c5f710656d30e93eae8b89ebedb1b920cc/spring-data-neo4j/src/test/java/org/springframework/data/neo4j/bookmark/BookmarkManagementTests.java,org.springframework.data.neo4j.bookmark.BookmarkManagementTests,givenUseBookmarkWrapperOnMethod_whenRun_thenShouldUseBookmarkIsSet/0,useBookmarkWrapperOnMethodBean,1
/home/sandro/workspace/sandro/MLCQCodeSmellSamples/scripts/../dataset/spring-data-neo4j_bf5704c5f710656d30e93eae8b89ebedb1b920cc/spring-data-neo4j/src/test/java/org/springframework/data/neo4j/bookmark/BookmarkManagementTests.java,org.springframework.data.neo4j.bookmark.BookmarkManagementTests,givenUseBookmarkOnClassAndMethodFalse_whenRunMethod_thenShouldUseBookmarkIsSetToFalse/0,useBookmarkOnClassBean,1
/home/sandro/workspace/sandro/MLCQCodeSmellSamples/scripts/../dataset/spring-data-neo4j_bf5704c5f710656d30e93eae8b89ebedb1b920cc/spring-data-neo4j/src/test/java/org/springframework/data/neo4j/bookmark/BookmarkManagementTests.java,org.springframework.data.neo4j.bookmark.BookmarkManagementTests,givenNoBookmark_whenRunMethod_thenShouldUseBookmarkIsSet/0,useNoBookmarkBean,1
/home/sandro/workspace/sandro/MLCQCodeSmellSamples/scripts/../dataset/spring-data-neo4j_bf5704c5f710656d30e93eae8b89ebedb1b920cc/spring-data-neo4j/src/main/java/org/springframework/data/neo4j/repository/config/Neo4jMappingContextFactoryBean.java,org.springframework.data.neo4j.repository.config.Neo4jMappingContextFactoryBean,Neo4jMappingContextFactoryBean/1[java.lang.String],sessionFactoryBeanName,5
/home/sandro/workspace/sandro/MLCQCodeSmellSamples/scripts/../dataset/spring-data-neo4j_bf5704c5f710656d30e93eae8b89ebedb1b920cc/spring-data-neo4j/src/main/java/org/springframework/data/neo4j/repository/config/Neo4jMappingContextFactoryBean.java,org.springframework.data.neo4j.repository.config.Neo4jMappingContextFactoryBean,setApplicationContext/1[org.springframework.data.neo4j.repository.config.ApplicationContext],beanFactory,1
/home/sandro/workspace/sandro/MLCQCodeSmellSamples/scripts/../dataset/spring-data-neo4j_bf5704c5f710656d30e93eae8b89ebedb1b920cc/spring-data-neo4j/src/main/java/org/springframework/data/neo4j/repository/config/Neo4jMappingContextFactoryBean.java,org.springframework.data.neo4j.repository.config.Neo4jMappingContextFactoryBean,createInstance/0,beanFactory,1
/home/sandro/workspace/sandro/MLCQCodeSmellSamples/scripts/../dataset/spring-data-neo4j_bf5704c5f710656d30e93eae8b89ebedb1b920cc/spring-data-neo4j/src/main/java/org/springframework/data/neo4j/repository/config/Neo4jMappingContextFactoryBean.java,org.springframework.data.neo4j.repository.config.Neo4jMappingContextFactoryBean,createInstance/0,sessionFactoryBeanName,1
/home/sandro/workspace/sandro/MLCQCodeSmellSamples/scripts/../dataset/spring-data-neo4j_bf5704c5f710656d30e93eae8b89ebedb1b920cc/spring-data-neo4j/src/test/java/org/springframework/data/neo4j/examples/movies/domain/Genre.java,org.springframework.data.neo4j.examples.movies.domain.Genre,setName/1[java.lang.String],name,3
/home/sandro/workspace/sandro/MLCQCodeSmellSamples/scripts/../dataset/spring-data-neo4j_bf5704c5f710656d30e93eae8b89ebedb1b920cc/spring-data-neo4j/src/test/java/org/springframework/data/neo4j/examples/movies/domain/Genre.java,org.springframework.data.neo4j.examples.movies.domain.Genre,Genre/1[java.lang.String],name,3
/home/sandro/workspace/sandro/MLCQCodeSmellSamples/scripts/../dataset/spring-data-neo4j_bf5704c5f710656d30e93eae8b89ebedb1b920cc/spring-data-neo4j/src/test/java/org/springframework/data/neo4j/examples/movies/domain/Genre.java,org.springframework.data.neo4j.examples.movies.domain.Genre,getId/0,id,1
/home/sandro/workspace/sandro/MLCQCodeSmellSamples/scripts/../dataset/spring-data-neo4j_bf5704c5f710656d30e93eae8b89ebedb1b920cc/spring-data-neo4j/src/test/java/org/springframework/data/neo4j/examples/movies/domain/Genre.java,org.springframework.data.neo4j.examples.movies.domain.Genre,getName/0,name,1
/home/sandro/workspace/sandro/MLCQCodeSmellSamples/scripts/../dataset/spring-data-neo4j_bf5704c5f710656d30e93eae8b89ebedb1b920cc/spring-data-neo4j/src/test/java/org/springframework/data/neo4j/repositories/ProgrammaticRepositoryTests.java,org.springframework.data.neo4j.repositories.ProgrammaticRepositoryTests,oneTimeSetUp/0,serverControls,2
/home/sandro/workspace/sandro/MLCQCodeSmellSamples/scripts/../dataset/spring-data-neo4j_bf5704c5f710656d30e93eae8b89ebedb1b920cc/spring-data-neo4j/src/test/java/org/springframework/data/neo4j/repositories/ProgrammaticRepositoryTests.java,org.springframework.data.neo4j.repositories.ProgrammaticRepositoryTests,oneTimeSetUp/0,transactionTemplate,1
/home/sandro/workspace/sandro/MLCQCodeSmellSamples/scripts/../dataset/spring-data-neo4j_bf5704c5f710656d30e93eae8b89ebedb1b920cc/spring-data-neo4j/src/test/java/org/springframework/data/neo4j/repositories/ProgrammaticRepositoryTests.java,org.springframework.data.neo4j.repositories.ProgrammaticRepositoryTests,oneTimeSetUp/0,sessionFactory,2
/home/sandro/workspace/sandro/MLCQCodeSmellSamples/scripts/../dataset/spring-data-neo4j_bf5704c5f710656d30e93eae8b89ebedb1b920cc/spring-data-neo4j/src/test/java/org/springframework/data/neo4j/repositories/ProgrammaticRepositoryTests.java,org.springframework.data.neo4j.repositories.ProgrammaticRepositoryTests,shouldCountUserByName/0,session,1
/home/sandro/workspace/sandro/MLCQCodeSmellSamples/scripts/../dataset/spring-data-neo4j_bf5704c5f710656d30e93eae8b89ebedb1b920cc/spring-data-neo4j/src/test/java/org/springframework/data/neo4j/repositories/ProgrammaticRepositoryTests.java,org.springframework.data.neo4j.repositories.ProgrammaticRepositoryTests,canInstantiateRepositoryProgrammatically/0,movieRepository,1
/home/sandro/workspace/sandro/MLCQCodeSmellSamples/scripts/../dataset/spring-data-neo4j_bf5704c5f710656d30e93eae8b89ebedb1b920cc/spring-data-neo4j/src/test/java/org/springframework/data/neo4j/repositories/ProgrammaticRepositoryTests.java,org.springframework.data.neo4j.repositories.ProgrammaticRepositoryTests,canInstantiateRepositoryProgrammatically/0,serverControls,1
/home/sandro/workspace/sandro/MLCQCodeSmellSamples/scripts/../dataset/spring-data-neo4j_bf5704c5f710656d30e93eae8b89ebedb1b920cc/spring-data-neo4j/src/test/java/org/springframework/data/neo4j/repositories/ProgrammaticRepositoryTests.java,org.springframework.data.neo4j.repositories.ProgrammaticRepositoryTests,canInstantiateRepositoryProgrammatically/0,transactionTemplate,1
/home/sandro/workspace/sandro/MLCQCodeSmellSamples/scripts/../dataset/spring-data-neo4j_bf5704c5f710656d30e93eae8b89ebedb1b920cc/spring-data-neo4j/src/test/java/org/springframework/data/neo4j/repositories/ProgrammaticRepositoryTests.java,org.springframework.data.neo4j.repositories.ProgrammaticRepositoryTests,shouldDeleteUserByNameAndReturnCountOfDeletedUsers/0,session,1
/home/sandro/workspace/sandro/MLCQCodeSmellSamples/scripts/../dataset/spring-data-neo4j_bf5704c5f710656d30e93eae8b89ebedb1b920cc/spring-data-neo4j/src/test/java/org/springframework/data/neo4j/repositories/ProgrammaticRepositoryTests.java,org.springframework.data.neo4j.repositories.ProgrammaticRepositoryTests,shouldBeAbleToDeleteUserWithRelationships/0,session,1
/home/sandro/workspace/sandro/MLCQCodeSmellSamples/scripts/../dataset/spring-data-neo4j_bf5704c5f710656d30e93eae8b89ebedb1b920cc/spring-data-neo4j/src/test/java/org/springframework/data/neo4j/repositories/ProgrammaticRepositoryTests.java,org.springframework.data.neo4j.repositories.ProgrammaticRepositoryTests,shouldDeleteUserByNameAndReturnListOfDeletedUserIds/0,session,1
/home/sandro/workspace/sandro/MLCQCodeSmellSamples/scripts/../dataset/spring-data-neo4j_bf5704c5f710656d30e93eae8b89ebedb1b920cc/spring-data-neo4j/src/test/java/org/springframework/data/neo4j/repositories/ProgrammaticRepositoryTests.java,org.springframework.data.neo4j.repositories.ProgrammaticRepositoryTests,shutdownTestServer/0,serverControls,3
/home/sandro/workspace/sandro/MLCQCodeSmellSamples/scripts/../dataset/spring-data-neo4j_bf5704c5f710656d30e93eae8b89ebedb1b920cc/spring-data-neo4j/src/test/java/org/springframework/data/neo4j/repositories/ProgrammaticRepositoryTests.java,org.springframework.data.neo4j.repositories.ProgrammaticRepositoryTests,shutdownTestServer/0,sessionFactory,3
/home/sandro/workspace/sandro/MLCQCodeSmellSamples/scripts/../dataset/spring-data-neo4j_bf5704c5f710656d30e93eae8b89ebedb1b920cc/spring-data-neo4j/src/test/java/org/springframework/data/neo4j/repositories/ProgrammaticRepositoryTests.java,org.springframework.data.neo4j.repositories.ProgrammaticRepositoryTests,init/0,session,2
/home/sandro/workspace/sandro/MLCQCodeSmellSamples/scripts/../dataset/spring-data-neo4j_bf5704c5f710656d30e93eae8b89ebedb1b920cc/spring-data-neo4j/src/test/java/org/springframework/data/neo4j/repositories/ProgrammaticRepositoryTests.java,org.springframework.data.neo4j.repositories.ProgrammaticRepositoryTests,init/0,sessionFactory,1
/home/sandro/workspace/sandro/MLCQCodeSmellSamples/scripts/../dataset/spring-data-neo4j_bf5704c5f710656d30e93eae8b89ebedb1b920cc/spring-data-neo4j/src/test/java/org/springframework/data/neo4j/repositories/ProgrammaticRepositoryTests.java,org.springframework.data.neo4j.repositories.ProgrammaticRepositoryTests,shouldBeAbleToDeleteAllViaRepository/0,session,1
/home/sandro/workspace/sandro/MLCQCodeSmellSamples/scripts/../dataset/spring-data-neo4j_bf5704c5f710656d30e93eae8b89ebedb1b920cc/spring-data-neo4j/src/test/java/org/springframework/data/neo4j/repository/support/TransactionalRepositoryTests.java,org.springframework.data.neo4j.repository.support.TransactionalRepositoryTests$DelegatingTransactionManager,getTransactionRequests/0,transactionRequests,1
/home/sandro/workspace/sandro/MLCQCodeSmellSamples/scripts/../dataset/spring-data-neo4j_bf5704c5f710656d30e93eae8b89ebedb1b920cc/spring-data-neo4j/src/test/java/org/springframework/data/neo4j/repository/support/TransactionalRepositoryTests.java,org.springframework.data.neo4j.repository.support.TransactionalRepositoryTests$DelegatingTransactionManager,rollback/1[org.springframework.data.neo4j.repository.support.TransactionStatus],txManager,1
/home/sandro/workspace/sandro/MLCQCodeSmellSamples/scripts/../dataset/spring-data-neo4j_bf5704c5f710656d30e93eae8b89ebedb1b920cc/spring-data-neo4j/src/test/java/org/springframework/data/neo4j/repository/support/TransactionalRepositoryTests.java,org.springframework.data.neo4j.repository.support.TransactionalRepositoryTests$DelegatingTransactionManager,getTransaction/1[org.springframework.data.neo4j.repository.support.TransactionDefinition],transactionRequests,1
/home/sandro/workspace/sandro/MLCQCodeSmellSamples/scripts/../dataset/spring-data-neo4j_bf5704c5f710656d30e93eae8b89ebedb1b920cc/spring-data-neo4j/src/test/java/org/springframework/data/neo4j/repository/support/TransactionalRepositoryTests.java,org.springframework.data.neo4j.repository.support.TransactionalRepositoryTests$DelegatingTransactionManager,getTransaction/1[org.springframework.data.neo4j.repository.support.TransactionDefinition],txManager,1
/home/sandro/workspace/sandro/MLCQCodeSmellSamples/scripts/../dataset/spring-data-neo4j_bf5704c5f710656d30e93eae8b89ebedb1b920cc/spring-data-neo4j/src/test/java/org/springframework/data/neo4j/repository/support/TransactionalRepositoryTests.java,org.springframework.data.neo4j.repository.support.TransactionalRepositoryTests$DelegatingTransactionManager,getTransaction/1[org.springframework.data.neo4j.repository.support.TransactionDefinition],definition,4
/home/sandro/workspace/sandro/MLCQCodeSmellSamples/scripts/../dataset/spring-data-neo4j_bf5704c5f710656d30e93eae8b89ebedb1b920cc/spring-data-neo4j/src/test/java/org/springframework/data/neo4j/repository/support/TransactionalRepositoryTests.java,org.springframework.data.neo4j.repository.support.TransactionalRepositoryTests$DelegatingTransactionManager,DelegatingTransactionManager/1[org.springframework.data.neo4j.repository.support.PlatformTransactionManager],txManager,3
/home/sandro/workspace/sandro/MLCQCodeSmellSamples/scripts/../dataset/spring-data-neo4j_bf5704c5f710656d30e93eae8b89ebedb1b920cc/spring-data-neo4j/src/test/java/org/springframework/data/neo4j/repository/support/TransactionalRepositoryTests.java,org.springframework.data.neo4j.repository.support.TransactionalRepositoryTests$DelegatingTransactionManager,commit/1[org.springframework.data.neo4j.repository.support.TransactionStatus],txManager,1
/home/sandro/workspace/sandro/MLCQCodeSmellSamples/scripts/../dataset/spring-data-neo4j_bf5704c5f710656d30e93eae8b89ebedb1b920cc/spring-data-neo4j/src/test/java/org/springframework/data/neo4j/repository/support/TransactionalRepositoryTests.java,org.springframework.data.neo4j.repository.support.TransactionalRepositoryTests$DelegatingTransactionManager,resetCount/0,transactionRequests,1
/home/sandro/workspace/sandro/MLCQCodeSmellSamples/scripts/../dataset/spring-data-neo4j_bf5704c5f710656d30e93eae8b89ebedb1b920cc/spring-data-neo4j/src/test/java/org/springframework/data/neo4j/repository/support/TransactionalRepositoryTests.java,org.springframework.data.neo4j.repository.support.TransactionalRepositoryTests$DelegatingTransactionManager,resetCount/0,definition,1
/home/sandro/workspace/sandro/MLCQCodeSmellSamples/scripts/../dataset/spring-data-neo4j_bf5704c5f710656d30e93eae8b89ebedb1b920cc/spring-data-neo4j/src/test/java/org/springframework/data/neo4j/repository/support/TransactionalRepositoryTests.java,org.springframework.data.neo4j.repository.support.TransactionalRepositoryTests$DelegatingTransactionManager,getDefinition/0,definition,1
/home/sandro/workspace/sandro/MLCQCodeSmellSamples/scripts/../dataset/spring-data-neo4j_bf5704c5f710656d30e93eae8b89ebedb1b920cc/spring-data-neo4j/src/main/java/org/springframework/data/neo4j/mapping/Neo4jPersistentProperty.java,org.springframework.data.neo4j.mapping.Neo4jPersistentProperty$PropertyType,PropertyType/1[boolean],idProperty,3
/home/sandro/workspace/sandro/MLCQCodeSmellSamples/scripts/../dataset/spring-data-neo4j_bf5704c5f710656d30e93eae8b89ebedb1b920cc/spring-data-neo4j/src/test/java/org/springframework/data/neo4j/queries/DerivedQueryTests.java,org.springframework.data.neo4j.queries.DerivedQueryTests$DerivedQueryRunner,"DerivedQueryRunner/3[java.util.concurrent.CountDownLatch,java.lang.String,java.lang.String]",firstName,3
/home/sandro/workspace/sandro/MLCQCodeSmellSamples/scripts/../dataset/spring-data-neo4j_bf5704c5f710656d30e93eae8b89ebedb1b920cc/spring-data-neo4j/src/test/java/org/springframework/data/neo4j/queries/DerivedQueryTests.java,org.springframework.data.neo4j.queries.DerivedQueryTests$DerivedQueryRunner,"DerivedQueryRunner/3[java.util.concurrent.CountDownLatch,java.lang.String,java.lang.String]",lastName,3
/home/sandro/workspace/sandro/MLCQCodeSmellSamples/scripts/../dataset/spring-data-neo4j_bf5704c5f710656d30e93eae8b89ebedb1b920cc/spring-data-neo4j/src/test/java/org/springframework/data/neo4j/queries/DerivedQueryTests.java,org.springframework.data.neo4j.queries.DerivedQueryTests$DerivedQueryRunner,"DerivedQueryRunner/3[java.util.concurrent.CountDownLatch,java.lang.String,java.lang.String]",latch,3
/home/sandro/workspace/sandro/MLCQCodeSmellSamples/scripts/../dataset/spring-data-neo4j_bf5704c5f710656d30e93eae8b89ebedb1b920cc/spring-data-neo4j/src/test/java/org/springframework/data/neo4j/queries/DerivedQueryTests.java,org.springframework.data.neo4j.queries.DerivedQueryTests$DerivedQueryRunner,run/0,lastName,2
/home/sandro/workspace/sandro/MLCQCodeSmellSamples/scripts/../dataset/spring-data-neo4j_bf5704c5f710656d30e93eae8b89ebedb1b920cc/spring-data-neo4j/src/test/java/org/springframework/data/neo4j/queries/DerivedQueryTests.java,org.springframework.data.neo4j.queries.DerivedQueryTests$DerivedQueryRunner,run/0,firstName,1
/home/sandro/workspace/sandro/MLCQCodeSmellSamples/scripts/../dataset/spring-data-neo4j_bf5704c5f710656d30e93eae8b89ebedb1b920cc/spring-data-neo4j/src/test/java/org/springframework/data/neo4j/queries/DerivedQueryTests.java,org.springframework.data.neo4j.queries.DerivedQueryTests$DerivedQueryRunner,run/0,latch,1
/home/sandro/workspace/sandro/MLCQCodeSmellSamples/scripts/../dataset/spring-data-neo4j_bf5704c5f710656d30e93eae8b89ebedb1b920cc/spring-data-neo4j/src/test/java/org/springframework/data/neo4j/repository/Neo4jRepositoryTests.java,org.springframework.data.neo4j.repository.Neo4jRepositoryTests,explicitIdsWithCustomTypesShouldWork/0,nodeWithUUIDAsIdRepository,6
/home/sandro/workspace/sandro/MLCQCodeSmellSamples/scripts/../dataset/spring-data-neo4j_bf5704c5f710656d30e93eae8b89ebedb1b920cc/spring-data-neo4j/src/test/java/org/springframework/data/neo4j/repository/Neo4jRepositoryTests.java,org.springframework.data.neo4j.repository.Neo4jRepositoryTests,testCrudOperationsForCompoundKeyEntity/0,repository,6
/home/sandro/workspace/sandro/MLCQCodeSmellSamples/scripts/../dataset/spring-data-neo4j_bf5704c5f710656d30e93eae8b89ebedb1b920cc/spring-data-neo4j/src/test/java/org/springframework/data/neo4j/queries/DerivedRelationshipEntityQueryTests.java,org.springframework.data.neo4j.queries.DerivedRelationshipEntityQueryTests,shouldFindREWithMultiplePropertiesDifferentComparisonOperatorsOred/0,ratingRepository,2
/home/sandro/workspace/sandro/MLCQCodeSmellSamples/scripts/../dataset/spring-data-neo4j_bf5704c5f710656d30e93eae8b89ebedb1b920cc/spring-data-neo4j/src/test/java/org/springframework/data/neo4j/queries/DerivedRelationshipEntityQueryTests.java,org.springframework.data.neo4j.queries.DerivedRelationshipEntityQueryTests,shouldFindREWithMultiplePropertiesDifferentComparisonOperatorsOred/0,userRepository,1
/home/sandro/workspace/sandro/MLCQCodeSmellSamples/scripts/../dataset/spring-data-neo4j_bf5704c5f710656d30e93eae8b89ebedb1b920cc/spring-data-neo4j/src/test/java/org/springframework/data/neo4j/queries/DerivedRelationshipEntityQueryTests.java,org.springframework.data.neo4j.queries.DerivedRelationshipEntityQueryTests,clearDatabase/0,graphDatabaseService,1
/home/sandro/workspace/sandro/MLCQCodeSmellSamples/scripts/../dataset/spring-data-neo4j_bf5704c5f710656d30e93eae8b89ebedb1b920cc/spring-data-neo4j/src/test/java/org/springframework/data/neo4j/queries/DerivedRelationshipEntityQueryTests.java,org.springframework.data.neo4j.queries.DerivedRelationshipEntityQueryTests,shouldFindREWithMultiplePropertiesAnded/0,ratingRepository,2
/home/sandro/workspace/sandro/MLCQCodeSmellSamples/scripts/../dataset/spring-data-neo4j_bf5704c5f710656d30e93eae8b89ebedb1b920cc/spring-data-neo4j/src/test/java/org/springframework/data/neo4j/queries/DerivedRelationshipEntityQueryTests.java,org.springframework.data.neo4j.queries.DerivedRelationshipEntityQueryTests,shouldFindREWithMultiplePropertiesAnded/0,userRepository,1
/home/sandro/workspace/sandro/MLCQCodeSmellSamples/scripts/../dataset/spring-data-neo4j_bf5704c5f710656d30e93eae8b89ebedb1b920cc/spring-data-neo4j/src/test/java/org/springframework/data/neo4j/queries/DerivedRelationshipEntityQueryTests.java,org.springframework.data.neo4j.queries.DerivedRelationshipEntityQueryTests,shouldFindRelEntitiesWithTwoStartNodeNestedProperties/0,ratingRepository,2
/home/sandro/workspace/sandro/MLCQCodeSmellSamples/scripts/../dataset/spring-data-neo4j_bf5704c5f710656d30e93eae8b89ebedb1b920cc/spring-data-neo4j/src/test/java/org/springframework/data/neo4j/queries/DerivedRelationshipEntityQueryTests.java,org.springframework.data.neo4j.queries.DerivedRelationshipEntityQueryTests,shouldFindRelEntitiesWithTwoStartNodeNestedProperties/0,graphDatabaseService,1
/home/sandro/workspace/sandro/MLCQCodeSmellSamples/scripts/../dataset/spring-data-neo4j_bf5704c5f710656d30e93eae8b89ebedb1b920cc/spring-data-neo4j/src/test/java/org/springframework/data/neo4j/queries/DerivedRelationshipEntityQueryTests.java,org.springframework.data.neo4j.queries.DerivedRelationshipEntityQueryTests,shouldFindRelEntitiesWithNestedStartNodeProperty/0,ratingRepository,1
/home/sandro/workspace/sandro/MLCQCodeSmellSamples/scripts/../dataset/spring-data-neo4j_bf5704c5f710656d30e93eae8b89ebedb1b920cc/spring-data-neo4j/src/test/java/org/springframework/data/neo4j/queries/DerivedRelationshipEntityQueryTests.java,org.springframework.data.neo4j.queries.DerivedRelationshipEntityQueryTests,shouldFindRelEntitiesWithNestedStartNodeProperty/0,graphDatabaseService,1
/home/sandro/workspace/sandro/MLCQCodeSmellSamples/scripts/../dataset/spring-data-neo4j_bf5704c5f710656d30e93eae8b89ebedb1b920cc/spring-data-neo4j/src/test/java/org/springframework/data/neo4j/queries/DerivedRelationshipEntityQueryTests.java,org.springframework.data.neo4j.queries.DerivedRelationshipEntityQueryTests,shouldCountByStars/0,ratingRepository,1
/home/sandro/workspace/sandro/MLCQCodeSmellSamples/scripts/../dataset/spring-data-neo4j_bf5704c5f710656d30e93eae8b89ebedb1b920cc/spring-data-neo4j/src/test/java/org/springframework/data/neo4j/queries/DerivedRelationshipEntityQueryTests.java,org.springframework.data.neo4j.queries.DerivedRelationshipEntityQueryTests,shouldCountByStars/0,userRepository,1
/home/sandro/workspace/sandro/MLCQCodeSmellSamples/scripts/../dataset/spring-data-neo4j_bf5704c5f710656d30e93eae8b89ebedb1b920cc/spring-data-neo4j/src/test/java/org/springframework/data/neo4j/queries/DerivedRelationshipEntityQueryTests.java,org.springframework.data.neo4j.queries.DerivedRelationshipEntityQueryTests,shouldFindREWithSingleProperty/0,ratingRepository,1
/home/sandro/workspace/sandro/MLCQCodeSmellSamples/scripts/../dataset/spring-data-neo4j_bf5704c5f710656d30e93eae8b89ebedb1b920cc/spring-data-neo4j/src/test/java/org/springframework/data/neo4j/queries/DerivedRelationshipEntityQueryTests.java,org.springframework.data.neo4j.queries.DerivedRelationshipEntityQueryTests,shouldFindREWithSingleProperty/0,userRepository,1
/home/sandro/workspace/sandro/MLCQCodeSmellSamples/scripts/../dataset/spring-data-neo4j_bf5704c5f710656d30e93eae8b89ebedb1b920cc/spring-data-neo4j/src/test/java/org/springframework/data/neo4j/queries/DerivedRelationshipEntityQueryTests.java,org.springframework.data.neo4j.queries.DerivedRelationshipEntityQueryTests,shouldDeleteNothingWithNonMatchingFilter/0,ratingRepository,1
/home/sandro/workspace/sandro/MLCQCodeSmellSamples/scripts/../dataset/spring-data-neo4j_bf5704c5f710656d30e93eae8b89ebedb1b920cc/spring-data-neo4j/src/test/java/org/springframework/data/neo4j/queries/DerivedRelationshipEntityQueryTests.java,org.springframework.data.neo4j.queries.DerivedRelationshipEntityQueryTests,shouldDeleteNothingWithNonMatchingFilter/0,userRepository,1
/home/sandro/workspace/sandro/MLCQCodeSmellSamples/scripts/../dataset/spring-data-neo4j_bf5704c5f710656d30e93eae8b89ebedb1b920cc/spring-data-neo4j/src/test/java/org/springframework/data/neo4j/queries/DerivedRelationshipEntityQueryTests.java,org.springframework.data.neo4j.queries.DerivedRelationshipEntityQueryTests,shouldFindRelEntitiesWithBaseAndNestedStartNodePropertyOred/0,ratingRepository,2
/home/sandro/workspace/sandro/MLCQCodeSmellSamples/scripts/../dataset/spring-data-neo4j_bf5704c5f710656d30e93eae8b89ebedb1b920cc/spring-data-neo4j/src/test/java/org/springframework/data/neo4j/queries/DerivedRelationshipEntityQueryTests.java,org.springframework.data.neo4j.queries.DerivedRelationshipEntityQueryTests,shouldFindRelEntitiesWithBaseAndNestedStartNodePropertyOred/0,graphDatabaseService,1
/home/sandro/workspace/sandro/MLCQCodeSmellSamples/scripts/../dataset/spring-data-neo4j_bf5704c5f710656d30e93eae8b89ebedb1b920cc/spring-data-neo4j/src/test/java/org/springframework/data/neo4j/queries/DerivedRelationshipEntityQueryTests.java,org.springframework.data.neo4j.queries.DerivedRelationshipEntityQueryTests,shouldFindRelEntitiesWithBaseAndBothStartEndNestedProperty/0,ratingRepository,2
/home/sandro/workspace/sandro/MLCQCodeSmellSamples/scripts/../dataset/spring-data-neo4j_bf5704c5f710656d30e93eae8b89ebedb1b920cc/spring-data-neo4j/src/test/java/org/springframework/data/neo4j/queries/DerivedRelationshipEntityQueryTests.java,org.springframework.data.neo4j.queries.DerivedRelationshipEntityQueryTests,shouldFindRelEntitiesWithBaseAndBothStartEndNestedProperty/0,graphDatabaseService,1
/home/sandro/workspace/sandro/MLCQCodeSmellSamples/scripts/../dataset/spring-data-neo4j_bf5704c5f710656d30e93eae8b89ebedb1b920cc/spring-data-neo4j/src/test/java/org/springframework/data/neo4j/queries/DerivedRelationshipEntityQueryTests.java,org.springframework.data.neo4j.queries.DerivedRelationshipEntityQueryTests,shouldRemoveByUserNameAndReturnCountOfDeletedObjects/0,ratingRepository,1
/home/sandro/workspace/sandro/MLCQCodeSmellSamples/scripts/../dataset/spring-data-neo4j_bf5704c5f710656d30e93eae8b89ebedb1b920cc/spring-data-neo4j/src/test/java/org/springframework/data/neo4j/queries/DerivedRelationshipEntityQueryTests.java,org.springframework.data.neo4j.queries.DerivedRelationshipEntityQueryTests,shouldRemoveByUserNameAndReturnCountOfDeletedObjects/0,userRepository,1
/home/sandro/workspace/sandro/MLCQCodeSmellSamples/scripts/../dataset/spring-data-neo4j_bf5704c5f710656d30e93eae8b89ebedb1b920cc/spring-data-neo4j/src/test/java/org/springframework/data/neo4j/queries/DerivedRelationshipEntityQueryTests.java,org.springframework.data.neo4j.queries.DerivedRelationshipEntityQueryTests,shouldDeleteAndReturnDeletedIds/0,ratingRepository,2
/home/sandro/workspace/sandro/MLCQCodeSmellSamples/scripts/../dataset/spring-data-neo4j_bf5704c5f710656d30e93eae8b89ebedb1b920cc/spring-data-neo4j/src/test/java/org/springframework/data/neo4j/queries/DerivedRelationshipEntityQueryTests.java,org.springframework.data.neo4j.queries.DerivedRelationshipEntityQueryTests,shouldDeleteAndReturnDeletedIds/0,userRepository,1
/home/sandro/workspace/sandro/MLCQCodeSmellSamples/scripts/../dataset/spring-data-neo4j_bf5704c5f710656d30e93eae8b89ebedb1b920cc/spring-data-neo4j/src/test/java/org/springframework/data/neo4j/queries/DerivedRelationshipEntityQueryTests.java,org.springframework.data.neo4j.queries.DerivedRelationshipEntityQueryTests,shouldFindRelEntitiesWithBothStartEndNestedProperty/0,ratingRepository,2
/home/sandro/workspace/sandro/MLCQCodeSmellSamples/scripts/../dataset/spring-data-neo4j_bf5704c5f710656d30e93eae8b89ebedb1b920cc/spring-data-neo4j/src/test/java/org/springframework/data/neo4j/queries/DerivedRelationshipEntityQueryTests.java,org.springframework.data.neo4j.queries.DerivedRelationshipEntityQueryTests,shouldFindRelEntitiesWithBothStartEndNestedProperty/0,graphDatabaseService,1
/home/sandro/workspace/sandro/MLCQCodeSmellSamples/scripts/../dataset/spring-data-neo4j_bf5704c5f710656d30e93eae8b89ebedb1b920cc/spring-data-neo4j/src/test/java/org/springframework/data/neo4j/queries/DerivedRelationshipEntityQueryTests.java,org.springframework.data.neo4j.queries.DerivedRelationshipEntityQueryTests,shouldFindREWithMultiplePropertiesDifferentComparisonOperatorsAnded/0,ratingRepository,2
/home/sandro/workspace/sandro/MLCQCodeSmellSamples/scripts/../dataset/spring-data-neo4j_bf5704c5f710656d30e93eae8b89ebedb1b920cc/spring-data-neo4j/src/test/java/org/springframework/data/neo4j/queries/DerivedRelationshipEntityQueryTests.java,org.springframework.data.neo4j.queries.DerivedRelationshipEntityQueryTests,shouldFindREWithMultiplePropertiesDifferentComparisonOperatorsAnded/0,userRepository,1
/home/sandro/workspace/sandro/MLCQCodeSmellSamples/scripts/../dataset/spring-data-neo4j_bf5704c5f710656d30e93eae8b89ebedb1b920cc/spring-data-neo4j/src/test/java/org/springframework/data/neo4j/queries/DerivedRelationshipEntityQueryTests.java,org.springframework.data.neo4j.queries.DerivedRelationshipEntityQueryTests,shouldFindREWithMultiplePropertiesOred/0,ratingRepository,2
/home/sandro/workspace/sandro/MLCQCodeSmellSamples/scripts/../dataset/spring-data-neo4j_bf5704c5f710656d30e93eae8b89ebedb1b920cc/spring-data-neo4j/src/test/java/org/springframework/data/neo4j/queries/DerivedRelationshipEntityQueryTests.java,org.springframework.data.neo4j.queries.DerivedRelationshipEntityQueryTests,shouldFindREWithMultiplePropertiesOred/0,userRepository,1
/home/sandro/workspace/sandro/MLCQCodeSmellSamples/scripts/../dataset/spring-data-neo4j_bf5704c5f710656d30e93eae8b89ebedb1b920cc/spring-data-neo4j/src/test/java/org/springframework/data/neo4j/queries/DerivedRelationshipEntityQueryTests.java,org.springframework.data.neo4j.queries.DerivedRelationshipEntityQueryTests,shouldCountNothingWithNonMatchingFilter/0,ratingRepository,1
/home/sandro/workspace/sandro/MLCQCodeSmellSamples/scripts/../dataset/spring-data-neo4j_bf5704c5f710656d30e93eae8b89ebedb1b920cc/spring-data-neo4j/src/test/java/org/springframework/data/neo4j/queries/DerivedRelationshipEntityQueryTests.java,org.springframework.data.neo4j.queries.DerivedRelationshipEntityQueryTests,shouldCountNothingWithNonMatchingFilter/0,userRepository,1
/home/sandro/workspace/sandro/MLCQCodeSmellSamples/scripts/../dataset/spring-data-neo4j_bf5704c5f710656d30e93eae8b89ebedb1b920cc/spring-data-neo4j/src/test/java/org/springframework/data/neo4j/queries/DerivedRelationshipEntityQueryTests.java,org.springframework.data.neo4j.queries.DerivedRelationshipEntityQueryTests,shouldFindREFromCustomQuery/0,ratingRepository,1
/home/sandro/workspace/sandro/MLCQCodeSmellSamples/scripts/../dataset/spring-data-neo4j_bf5704c5f710656d30e93eae8b89ebedb1b920cc/spring-data-neo4j/src/test/java/org/springframework/data/neo4j/queries/DerivedRelationshipEntityQueryTests.java,org.springframework.data.neo4j.queries.DerivedRelationshipEntityQueryTests,shouldFindREFromCustomQuery/0,userRepository,1
/home/sandro/workspace/sandro/MLCQCodeSmellSamples/scripts/../dataset/spring-data-neo4j_bf5704c5f710656d30e93eae8b89ebedb1b920cc/spring-data-neo4j/src/test/java/org/springframework/data/neo4j/queries/DerivedRelationshipEntityQueryTests.java,org.springframework.data.neo4j.queries.DerivedRelationshipEntityQueryTests,shouldFindRelEntitiesWithNestedEndNodeProperty/0,ratingRepository,2
/home/sandro/workspace/sandro/MLCQCodeSmellSamples/scripts/../dataset/spring-data-neo4j_bf5704c5f710656d30e93eae8b89ebedb1b920cc/spring-data-neo4j/src/test/java/org/springframework/data/neo4j/queries/DerivedRelationshipEntityQueryTests.java,org.springframework.data.neo4j.queries.DerivedRelationshipEntityQueryTests,shouldFindRelEntitiesWithNestedEndNodeProperty/0,graphDatabaseService,1
/home/sandro/workspace/sandro/MLCQCodeSmellSamples/scripts/../dataset/spring-data-neo4j_bf5704c5f710656d30e93eae8b89ebedb1b920cc/spring-data-neo4j/src/test/java/org/springframework/data/neo4j/queries/DerivedRelationshipEntityQueryTests.java,org.springframework.data.neo4j.queries.DerivedRelationshipEntityQueryTests,shouldFindRelEntitiesWithBaseAndNestedStartNodePropertyAnded/0,ratingRepository,2
/home/sandro/workspace/sandro/MLCQCodeSmellSamples/scripts/../dataset/spring-data-neo4j_bf5704c5f710656d30e93eae8b89ebedb1b920cc/spring-data-neo4j/src/test/java/org/springframework/data/neo4j/queries/DerivedRelationshipEntityQueryTests.java,org.springframework.data.neo4j.queries.DerivedRelationshipEntityQueryTests,shouldFindRelEntitiesWithBaseAndNestedStartNodePropertyAnded/0,graphDatabaseService,1
/home/sandro/workspace/sandro/MLCQCodeSmellSamples/scripts/../dataset/spring-data-neo4j_bf5704c5f710656d30e93eae8b89ebedb1b920cc/spring-data-neo4j/src/test/java/org/springframework/data/neo4j/queries/DerivedRelationshipEntityQueryTests.java,org.springframework.data.neo4j.queries.DerivedRelationshipEntityQueryTests,shouldFindRelEntitiesWithBaseAndNestedEndNodeProperty/0,ratingRepository,2
/home/sandro/workspace/sandro/MLCQCodeSmellSamples/scripts/../dataset/spring-data-neo4j_bf5704c5f710656d30e93eae8b89ebedb1b920cc/spring-data-neo4j/src/test/java/org/springframework/data/neo4j/queries/DerivedRelationshipEntityQueryTests.java,org.springframework.data.neo4j.queries.DerivedRelationshipEntityQueryTests,shouldFindRelEntitiesWithBaseAndNestedEndNodeProperty/0,graphDatabaseService,1
/home/sandro/workspace/sandro/MLCQCodeSmellSamples/scripts/../dataset/spring-data-neo4j_bf5704c5f710656d30e93eae8b89ebedb1b920cc/spring-data-neo4j/src/test/java/org/springframework/data/neo4j/queries/DerivedQueryTests.java,org.springframework.data.neo4j.queries.DerivedQueryTests,shouldFindNodeEntititiesWithDeepNestedProperty/0,cinemaRepository,1
/home/sandro/workspace/sandro/MLCQCodeSmellSamples/scripts/../dataset/spring-data-neo4j_bf5704c5f710656d30e93eae8b89ebedb1b920cc/spring-data-neo4j/src/test/java/org/springframework/data/neo4j/queries/DerivedQueryTests.java,org.springframework.data.neo4j.queries.DerivedQueryTests,shouldReturnNoResultsCorrectly/0,cinemaRepository,1
/home/sandro/workspace/sandro/MLCQCodeSmellSamples/scripts/../dataset/spring-data-neo4j_bf5704c5f710656d30e93eae8b89ebedb1b920cc/spring-data-neo4j/src/test/java/org/springframework/data/neo4j/queries/DerivedQueryTests.java,org.springframework.data.neo4j.queries.DerivedQueryTests,shouldFindUsersByName/0,userRepository,1
/home/sandro/workspace/sandro/MLCQCodeSmellSamples/scripts/../dataset/spring-data-neo4j_bf5704c5f710656d30e93eae8b89ebedb1b920cc/spring-data-neo4j/src/test/java/org/springframework/data/neo4j/queries/DerivedQueryTests.java,org.springframework.data.neo4j.queries.DerivedQueryTests,shouldFindNodeEntititiesWithBaseAndNestedProperty/0,cinemaRepository,1
/home/sandro/workspace/sandro/MLCQCodeSmellSamples/scripts/../dataset/spring-data-neo4j_bf5704c5f710656d30e93eae8b89ebedb1b920cc/spring-data-neo4j/src/test/java/org/springframework/data/neo4j/queries/DerivedQueryTests.java,org.springframework.data.neo4j.queries.DerivedQueryTests,shouldFindDirectorsByName/0,transactionTemplate,1
/home/sandro/workspace/sandro/MLCQCodeSmellSamples/scripts/../dataset/spring-data-neo4j_bf5704c5f710656d30e93eae8b89ebedb1b920cc/spring-data-neo4j/src/test/java/org/springframework/data/neo4j/queries/DerivedQueryTests.java,org.springframework.data.neo4j.queries.DerivedQueryTests,shouldFindNodeEntititiesWithBaseOrNestedProperty/0,cinemaRepository,1
/home/sandro/workspace/sandro/MLCQCodeSmellSamples/scripts/../dataset/spring-data-neo4j_bf5704c5f710656d30e93eae8b89ebedb1b920cc/spring-data-neo4j/src/test/java/org/springframework/data/neo4j/queries/DerivedQueryTests.java,org.springframework.data.neo4j.queries.DerivedQueryTests,shouldPageDerivedFinderQueries/0,userRepository,6
/home/sandro/workspace/sandro/MLCQCodeSmellSamples/scripts/../dataset/spring-data-neo4j_bf5704c5f710656d30e93eae8b89ebedb1b920cc/spring-data-neo4j/src/test/java/org/springframework/data/neo4j/queries/DerivedQueryTests.java,org.springframework.data.neo4j.queries.DerivedQueryTests,shouldFindNodeEntititiesWithNestedProperty/0,cinemaRepository,1
/home/sandro/workspace/sandro/MLCQCodeSmellSamples/scripts/../dataset/spring-data-neo4j_bf5704c5f710656d30e93eae8b89ebedb1b920cc/spring-data-neo4j/src/test/java/org/springframework/data/neo4j/queries/DerivedQueryTests.java,org.springframework.data.neo4j.queries.DerivedQueryTests,shouldFindNodeEntititiesWithComparisonOperators/0,transactionTemplate,1
/home/sandro/workspace/sandro/MLCQCodeSmellSamples/scripts/../dataset/spring-data-neo4j_bf5704c5f710656d30e93eae8b89ebedb1b920cc/spring-data-neo4j/src/test/java/org/springframework/data/neo4j/queries/DerivedQueryTests.java,org.springframework.data.neo4j.queries.DerivedQueryTests,shouldFindNodeEntititiesWithMultipleNestedPropertiesAnded/0,transactionTemplate,1
/home/sandro/workspace/sandro/MLCQCodeSmellSamples/scripts/../dataset/spring-data-neo4j_bf5704c5f710656d30e93eae8b89ebedb1b920cc/spring-data-neo4j/src/test/java/org/springframework/data/neo4j/queries/DerivedQueryTests.java,org.springframework.data.neo4j.queries.DerivedQueryTests,shouldUseDepthOnCollectionFinder/0,transactionTemplate,1
/home/sandro/workspace/sandro/MLCQCodeSmellSamples/scripts/../dataset/spring-data-neo4j_bf5704c5f710656d30e93eae8b89ebedb1b920cc/spring-data-neo4j/src/test/java/org/springframework/data/neo4j/queries/DerivedQueryTests.java,org.springframework.data.neo4j.queries.DerivedQueryTests,shouldFindNodeEntitiesWithNestedRelationshipEntityProperty/0,userRepository,1
/home/sandro/workspace/sandro/MLCQCodeSmellSamples/scripts/../dataset/spring-data-neo4j_bf5704c5f710656d30e93eae8b89ebedb1b920cc/spring-data-neo4j/src/test/java/org/springframework/data/neo4j/queries/DerivedQueryTests.java,org.springframework.data.neo4j.queries.DerivedQueryTests,shouldFindNodeEntititiesWithRelationshipEntityAndNestedProperty/0,userRepository,1
/home/sandro/workspace/sandro/MLCQCodeSmellSamples/scripts/../dataset/spring-data-neo4j_bf5704c5f710656d30e93eae8b89ebedb1b920cc/spring-data-neo4j/src/test/java/org/springframework/data/neo4j/queries/DerivedQueryTests.java,org.springframework.data.neo4j.queries.DerivedQueryTests,shouldMatchNodeEntitiesUsingLikeWithWildcardsAndSpecialCharacters/0,cinemaRepository,1
/home/sandro/workspace/sandro/MLCQCodeSmellSamples/scripts/../dataset/spring-data-neo4j_bf5704c5f710656d30e93eae8b89ebedb1b920cc/spring-data-neo4j/src/test/java/org/springframework/data/neo4j/queries/DerivedQueryTests.java,org.springframework.data.neo4j.queries.DerivedQueryTests,shouldSliceDerivedFinderQueries/0,userRepository,6
/home/sandro/workspace/sandro/MLCQCodeSmellSamples/scripts/../dataset/spring-data-neo4j_bf5704c5f710656d30e93eae8b89ebedb1b920cc/spring-data-neo4j/src/test/java/org/springframework/data/neo4j/queries/DerivedQueryTests.java,org.springframework.data.neo4j.queries.DerivedQueryTests,shouldFindNodeEntitiesMultipleAndedProperties/0,cinemaRepository,1
/home/sandro/workspace/sandro/MLCQCodeSmellSamples/scripts/../dataset/spring-data-neo4j_bf5704c5f710656d30e93eae8b89ebedb1b920cc/spring-data-neo4j/src/test/java/org/springframework/data/neo4j/queries/DerivedQueryTests.java,org.springframework.data.neo4j.queries.DerivedQueryTests,shouldFindNodeEntitiesWithLabels/0,transactionTemplate,1
/home/sandro/workspace/sandro/MLCQCodeSmellSamples/scripts/../dataset/spring-data-neo4j_bf5704c5f710656d30e93eae8b89ebedb1b920cc/spring-data-neo4j/src/test/java/org/springframework/data/neo4j/queries/DerivedQueryTests.java,org.springframework.data.neo4j.queries.DerivedQueryTests,shouldMatchNodeEntitiesUsingCaseInsensitiveLikeWithWildcards/0,cinemaRepository,1
/home/sandro/workspace/sandro/MLCQCodeSmellSamples/scripts/../dataset/spring-data-neo4j_bf5704c5f710656d30e93eae8b89ebedb1b920cc/spring-data-neo4j/src/test/java/org/springframework/data/neo4j/queries/DerivedQueryTests.java,org.springframework.data.neo4j.queries.DerivedQueryTests,shouldFindUsersByNameWithStaticDepth/0,userRepository,1
/home/sandro/workspace/sandro/MLCQCodeSmellSamples/scripts/../dataset/spring-data-neo4j_bf5704c5f710656d30e93eae8b89ebedb1b920cc/spring-data-neo4j/src/test/java/org/springframework/data/neo4j/queries/DerivedQueryTests.java,org.springframework.data.neo4j.queries.DerivedQueryTests,clearDatabase/0,neo4jTestServer,1
/home/sandro/workspace/sandro/MLCQCodeSmellSamples/scripts/../dataset/spring-data-neo4j_bf5704c5f710656d30e93eae8b89ebedb1b920cc/spring-data-neo4j/src/test/java/org/springframework/data/neo4j/queries/DerivedQueryTests.java,org.springframework.data.neo4j.queries.DerivedQueryTests,shouldFindNodeEntititiesWithTwoNestedPropertiesAndedAcrossDifferentRelatedNodeEntities/0,transactionTemplate,1
/home/sandro/workspace/sandro/MLCQCodeSmellSamples/scripts/../dataset/spring-data-neo4j_bf5704c5f710656d30e93eae8b89ebedb1b920cc/spring-data-neo4j/src/test/java/org/springframework/data/neo4j/queries/DerivedQueryTests.java,org.springframework.data.neo4j.queries.DerivedQueryTests,shouldFindUsersByMiddleName/0,userRepository,1
/home/sandro/workspace/sandro/MLCQCodeSmellSamples/scripts/../dataset/spring-data-neo4j_bf5704c5f710656d30e93eae8b89ebedb1b920cc/spring-data-neo4j/src/test/java/org/springframework/data/neo4j/queries/DerivedQueryTests.java,org.springframework.data.neo4j.queries.DerivedQueryTests,shouldSupportLiteralMapsInQueryResults/0,userRepository,1
/home/sandro/workspace/sandro/MLCQCodeSmellSamples/scripts/../dataset/spring-data-neo4j_bf5704c5f710656d30e93eae8b89ebedb1b920cc/spring-data-neo4j/src/test/java/org/springframework/data/neo4j/queries/DerivedQueryTests.java,org.springframework.data.neo4j.queries.DerivedQueryTests,shouldFindNodeEntititiesWithMultipleComparisonOperatorsOred/0,transactionTemplate,1
/home/sandro/workspace/sandro/MLCQCodeSmellSamples/scripts/../dataset/spring-data-neo4j_bf5704c5f710656d30e93eae8b89ebedb1b920cc/spring-data-neo4j/src/test/java/org/springframework/data/neo4j/queries/DerivedQueryTests.java,org.springframework.data.neo4j.queries.DerivedQueryTests,executeUpdate/1[java.lang.String],neo4jTestServer,1
/home/sandro/workspace/sandro/MLCQCodeSmellSamples/scripts/../dataset/spring-data-neo4j_bf5704c5f710656d30e93eae8b89ebedb1b920cc/spring-data-neo4j/src/test/java/org/springframework/data/neo4j/queries/DerivedQueryTests.java,org.springframework.data.neo4j.queries.DerivedQueryTests,shouldFindNodeEntitiesByAttributeIgnoringCase/0,userRepository,4
/home/sandro/workspace/sandro/MLCQCodeSmellSamples/scripts/../dataset/spring-data-neo4j_bf5704c5f710656d30e93eae8b89ebedb1b920cc/spring-data-neo4j/src/test/java/org/springframework/data/neo4j/queries/DerivedQueryTests.java,org.springframework.data.neo4j.queries.DerivedQueryTests,shouldFindNodeEntitiesByAttributeIgnoringCase/0,directorRepository,2
/home/sandro/workspace/sandro/MLCQCodeSmellSamples/scripts/../dataset/spring-data-neo4j_bf5704c5f710656d30e93eae8b89ebedb1b920cc/spring-data-neo4j/src/test/java/org/springframework/data/neo4j/queries/DerivedQueryTests.java,org.springframework.data.neo4j.queries.DerivedQueryTests,shouldFindNodeByNameContainingAndIgnoreCase/0,userRepository,2
/home/sandro/workspace/sandro/MLCQCodeSmellSamples/scripts/../dataset/spring-data-neo4j_bf5704c5f710656d30e93eae8b89ebedb1b920cc/spring-data-neo4j/src/test/java/org/springframework/data/neo4j/queries/DerivedQueryTests.java,org.springframework.data.neo4j.queries.DerivedQueryTests,shouldFindUserWithCustomDepth/0,transactionTemplate,1
/home/sandro/workspace/sandro/MLCQCodeSmellSamples/scripts/../dataset/spring-data-neo4j_bf5704c5f710656d30e93eae8b89ebedb1b920cc/spring-data-neo4j/src/test/java/org/springframework/data/neo4j/queries/DerivedQueryTests.java,org.springframework.data.neo4j.queries.DerivedQueryTests,shouldFindNodeEntitiesByRegularExpressionMatchingOnPropertiesInDerivedFinderMethods/0,cinemaRepository,1
/home/sandro/workspace/sandro/MLCQCodeSmellSamples/scripts/../dataset/spring-data-neo4j_bf5704c5f710656d30e93eae8b89ebedb1b920cc/spring-data-neo4j/src/test/java/org/springframework/data/neo4j/queries/DerivedQueryTests.java,org.springframework.data.neo4j.queries.DerivedQueryTests,shouldFindNodeEntititiesWithTwoNestedPropertiesOred/0,transactionTemplate,1
/home/sandro/workspace/sandro/MLCQCodeSmellSamples/scripts/../dataset/spring-data-neo4j_bf5704c5f710656d30e93eae8b89ebedb1b920cc/spring-data-neo4j/src/test/java/org/springframework/data/neo4j/queries/DerivedQueryTests.java,org.springframework.data.neo4j.queries.DerivedQueryTests,shouldFindNodeEntititiesMultipleOredProperties/0,cinemaRepository,1
/home/sandro/workspace/sandro/MLCQCodeSmellSamples/scripts/../dataset/spring-data-neo4j_bf5704c5f710656d30e93eae8b89ebedb1b920cc/spring-data-neo4j/src/test/java/org/springframework/data/neo4j/queries/DerivedQueryTests.java,org.springframework.data.neo4j.queries.DerivedQueryTests,shouldFindNodeEntititiesWithMultipleComparisonOperatorsAnded/0,transactionTemplate,1
/home/sandro/workspace/sandro/MLCQCodeSmellSamples/scripts/../dataset/spring-data-neo4j_bf5704c5f710656d30e93eae8b89ebedb1b920cc/spring-data-neo4j/src/test/java/org/springframework/data/neo4j/queries/DerivedQueryTests.java,org.springframework.data.neo4j.queries.DerivedQueryTests,shouldMatchNodeEntitiesUsingNotLikeWithAsteriskWildcards/0,userRepository,1
/home/sandro/workspace/sandro/MLCQCodeSmellSamples/scripts/../dataset/spring-data-neo4j_bf5704c5f710656d30e93eae8b89ebedb1b920cc/spring-data-neo4j/src/main/java/org/springframework/data/neo4j/repository/query/GraphQueryMethod.java,org.springframework.data.neo4j.repository.query.GraphQueryMethod,getQueryDepthParamIndex/0,queryDepthParamIndex,1
/home/sandro/workspace/sandro/MLCQCodeSmellSamples/scripts/../dataset/spring-data-neo4j_bf5704c5f710656d30e93eae8b89ebedb1b920cc/spring-data-neo4j/src/main/java/org/springframework/data/neo4j/repository/query/GraphQueryMethod.java,org.springframework.data.neo4j.repository.query.GraphQueryMethod,getStaticQueryDepth/1[java.lang.reflect.Method],method,3
/home/sandro/workspace/sandro/MLCQCodeSmellSamples/scripts/../dataset/spring-data-neo4j_bf5704c5f710656d30e93eae8b89ebedb1b920cc/spring-data-neo4j/src/main/java/org/springframework/data/neo4j/repository/query/GraphQueryMethod.java,org.springframework.data.neo4j.repository.query.GraphQueryMethod,getQueryDepthParamIndex/1[java.lang.reflect.Method],method,5
/home/sandro/workspace/sandro/MLCQCodeSmellSamples/scripts/../dataset/spring-data-neo4j_bf5704c5f710656d30e93eae8b89ebedb1b920cc/spring-data-neo4j/src/main/java/org/springframework/data/neo4j/repository/query/GraphQueryMethod.java,org.springframework.data.neo4j.repository.query.GraphQueryMethod,getQuery/0,queryAnnotation,1
/home/sandro/workspace/sandro/MLCQCodeSmellSamples/scripts/../dataset/spring-data-neo4j_bf5704c5f710656d30e93eae8b89ebedb1b920cc/spring-data-neo4j/src/main/java/org/springframework/data/neo4j/repository/query/GraphQueryMethod.java,org.springframework.data.neo4j.repository.query.GraphQueryMethod,"GraphQueryMethod/3[java.lang.reflect.Method,org.springframework.data.neo4j.repository.query.RepositoryMetadata,org.springframework.data.neo4j.repository.query.ProjectionFactory]",queryDepthParamIndex,2
/home/sandro/workspace/sandro/MLCQCodeSmellSamples/scripts/../dataset/spring-data-neo4j_bf5704c5f710656d30e93eae8b89ebedb1b920cc/spring-data-neo4j/src/main/java/org/springframework/data/neo4j/repository/query/GraphQueryMethod.java,org.springframework.data.neo4j.repository.query.GraphQueryMethod,"GraphQueryMethod/3[java.lang.reflect.Method,org.springframework.data.neo4j.repository.query.RepositoryMetadata,org.springframework.data.neo4j.repository.query.ProjectionFactory]",isExistsQuery,2
/home/sandro/workspace/sandro/MLCQCodeSmellSamples/scripts/../dataset/spring-data-neo4j_bf5704c5f710656d30e93eae8b89ebedb1b920cc/spring-data-neo4j/src/main/java/org/springframework/data/neo4j/repository/query/GraphQueryMethod.java,org.springframework.data.neo4j.repository.query.GraphQueryMethod,"GraphQueryMethod/3[java.lang.reflect.Method,org.springframework.data.neo4j.repository.query.RepositoryMetadata,org.springframework.data.neo4j.repository.query.ProjectionFactory]",method,8
/home/sandro/workspace/sandro/MLCQCodeSmellSamples/scripts/../dataset/spring-data-neo4j_bf5704c5f710656d30e93eae8b89ebedb1b920cc/spring-data-neo4j/src/main/java/org/springframework/data/neo4j/repository/query/GraphQueryMethod.java,org.springframework.data.neo4j.repository.query.GraphQueryMethod,"GraphQueryMethod/3[java.lang.reflect.Method,org.springframework.data.neo4j.repository.query.RepositoryMetadata,org.springframework.data.neo4j.repository.query.ProjectionFactory]",queryAnnotation,3
/home/sandro/workspace/sandro/MLCQCodeSmellSamples/scripts/../dataset/spring-data-neo4j_bf5704c5f710656d30e93eae8b89ebedb1b920cc/spring-data-neo4j/src/main/java/org/springframework/data/neo4j/repository/query/GraphQueryMethod.java,org.springframework.data.neo4j.repository.query.GraphQueryMethod,createParameters/1[java.lang.reflect.Method],method,2
/home/sandro/workspace/sandro/MLCQCodeSmellSamples/scripts/../dataset/spring-data-neo4j_bf5704c5f710656d30e93eae8b89ebedb1b920cc/spring-data-neo4j/src/main/java/org/springframework/data/neo4j/repository/query/GraphQueryMethod.java,org.springframework.data.neo4j.repository.query.GraphQueryMethod,getQueryAnnotation/0,method,1
/home/sandro/workspace/sandro/MLCQCodeSmellSamples/scripts/../dataset/spring-data-neo4j_bf5704c5f710656d30e93eae8b89ebedb1b920cc/spring-data-neo4j/src/main/java/org/springframework/data/neo4j/repository/query/GraphQueryMethod.java,org.springframework.data.neo4j.repository.query.GraphQueryMethod,isAnnotatedExistsQuery/0,isExistsQuery,1
/home/sandro/workspace/sandro/MLCQCodeSmellSamples/scripts/../dataset/spring-data-neo4j_bf5704c5f710656d30e93eae8b89ebedb1b920cc/spring-data-neo4j/src/main/java/org/springframework/data/neo4j/repository/query/GraphQueryMethod.java,org.springframework.data.neo4j.repository.query.GraphQueryMethod,getMappingContext/0,mappingContext,1
/home/sandro/workspace/sandro/MLCQCodeSmellSamples/scripts/../dataset/spring-data-neo4j_bf5704c5f710656d30e93eae8b89ebedb1b920cc/spring-data-neo4j/src/main/java/org/springframework/data/neo4j/repository/query/GraphQueryMethod.java,org.springframework.data.neo4j.repository.query.GraphQueryMethod,getNamedQueryName/0,method,1
/home/sandro/workspace/sandro/MLCQCodeSmellSamples/scripts/../dataset/spring-data-neo4j_bf5704c5f710656d30e93eae8b89ebedb1b920cc/spring-data-neo4j/src/main/java/org/springframework/data/neo4j/repository/query/GraphQueryMethod.java,org.springframework.data.neo4j.repository.query.GraphQueryMethod,getCountQueryString/0,queryAnnotation,2
/home/sandro/workspace/sandro/MLCQCodeSmellSamples/scripts/../dataset/spring-data-neo4j_bf5704c5f710656d30e93eae8b89ebedb1b920cc/spring-data-neo4j/src/main/java/org/springframework/data/neo4j/repository/query/GraphQueryMethod.java,org.springframework.data.neo4j.repository.query.GraphQueryMethod,"setMappingContext/1[org.springframework.data.neo4j.repository.query.MappingContext<org.springframework.data.neo4j.mapping.Neo4jPersistentEntity<?>,org.springframework.data.neo4j.mapping.Neo4jPersistentProperty>]",mappingContext,3
/home/sandro/workspace/sandro/MLCQCodeSmellSamples/scripts/../dataset/spring-data-neo4j_bf5704c5f710656d30e93eae8b89ebedb1b920cc/spring-data-neo4j/src/main/java/org/springframework/data/neo4j/repository/query/GraphQueryMethod.java,org.springframework.data.neo4j.repository.query.GraphQueryMethod,getMethod/0,method,1
/home/sandro/workspace/sandro/MLCQCodeSmellSamples/scripts/../dataset/spring-data-neo4j_bf5704c5f710656d30e93eae8b89ebedb1b920cc/spring-data-neo4j/src/main/java/org/springframework/data/neo4j/repository/config/Neo4jAuditingEventListener.java,org.springframework.data.neo4j.repository.config.Neo4jAuditingEventListener,Neo4jAuditingEventListener/1[org.springframework.data.neo4j.repository.config.ObjectFactory<? extends org.springframework.data.neo4j.repository.config.IsNewAwareAuditingHandler>],auditingHandlerFactory,5
/home/sandro/workspace/sandro/MLCQCodeSmellSamples/scripts/../dataset/spring-data-neo4j_bf5704c5f710656d30e93eae8b89ebedb1b920cc/spring-data-neo4j/src/main/java/org/springframework/data/neo4j/repository/config/Neo4jAuditingEventListener.java,org.springframework.data.neo4j.repository.config.Neo4jAuditingEventListener,"Neo4jAuditingEventListener/2[org.springframework.data.neo4j.repository.config.ObjectFactory<? extends org.springframework.data.neo4j.repository.config.IsNewAwareAuditingHandler>,org.springframework.data.neo4j.repository.config.SessionFactory]",auditingHandlerFactory,5
/home/sandro/workspace/sandro/MLCQCodeSmellSamples/scripts/../dataset/spring-data-neo4j_bf5704c5f710656d30e93eae8b89ebedb1b920cc/spring-data-neo4j/src/main/java/org/springframework/data/neo4j/repository/config/Neo4jAuditingEventListener.java,org.springframework.data.neo4j.repository.config.Neo4jAuditingEventListener,onPreSave/1[org.springframework.data.neo4j.repository.config.Event],auditingHandlerFactory,1
/home/sandro/workspace/sandro/MLCQCodeSmellSamples/scripts/../dataset/spring-data-neo4j_bf5704c5f710656d30e93eae8b89ebedb1b920cc/spring-data-neo4j/src/test/java/org/springframework/data/neo4j/integration/conversion/domain/SiteMember.java,org.springframework.data.neo4j.integration.conversion.domain.SiteMember,setProfilePictureData/1[byte[]],profilePictureData,3
/home/sandro/workspace/sandro/MLCQCodeSmellSamples/scripts/../dataset/spring-data-neo4j_bf5704c5f710656d30e93eae8b89ebedb1b920cc/spring-data-neo4j/src/test/java/org/springframework/data/neo4j/integration/conversion/domain/SiteMember.java,org.springframework.data.neo4j.integration.conversion.domain.SiteMember,getProfilePictureData/0,profilePictureData,1
/home/sandro/workspace/sandro/MLCQCodeSmellSamples/scripts/../dataset/spring-data-neo4j_bf5704c5f710656d30e93eae8b89ebedb1b920cc/spring-data-neo4j/src/test/java/org/springframework/data/neo4j/integration/conversion/domain/SiteMember.java,org.springframework.data.neo4j.integration.conversion.domain.SiteMember,setRoundingModes/1[java.util.List<java.math.RoundingMode>],roundingModes,3
/home/sandro/workspace/sandro/MLCQCodeSmellSamples/scripts/../dataset/spring-data-neo4j_bf5704c5f710656d30e93eae8b89ebedb1b920cc/spring-data-neo4j/src/test/java/org/springframework/data/neo4j/integration/conversion/domain/SiteMember.java,org.springframework.data.neo4j.integration.conversion.domain.SiteMember,setYears/1[java.math.BigInteger],years,3
/home/sandro/workspace/sandro/MLCQCodeSmellSamples/scripts/../dataset/spring-data-neo4j_bf5704c5f710656d30e93eae8b89ebedb1b920cc/spring-data-neo4j/src/test/java/org/springframework/data/neo4j/integration/conversion/domain/SiteMember.java,org.springframework.data.neo4j.integration.conversion.domain.SiteMember,getYears/0,years,1
/home/sandro/workspace/sandro/MLCQCodeSmellSamples/scripts/../dataset/spring-data-neo4j_bf5704c5f710656d30e93eae8b89ebedb1b920cc/spring-data-neo4j/src/test/java/org/springframework/data/neo4j/integration/conversion/domain/SiteMember.java,org.springframework.data.neo4j.integration.conversion.domain.SiteMember,getRoundingModes/0,roundingModes,1
/home/sandro/workspace/sandro/MLCQCodeSmellSamples/scripts/../dataset/spring-data-neo4j_bf5704c5f710656d30e93eae8b89ebedb1b920cc/spring-data-neo4j/src/test/java/org/springframework/data/neo4j/transactions/domain/User.java,org.springframework.data.neo4j.transactions.domain.User,id/0,id,2
/home/sandro/workspace/sandro/MLCQCodeSmellSamples/scripts/../dataset/spring-data-neo4j_bf5704c5f710656d30e93eae8b89ebedb1b920cc/spring-data-neo4j/src/test/java/org/springframework/data/neo4j/transactions/domain/User.java,org.springframework.data.neo4j.transactions.domain.User,setSpecies/1[java.lang.String],species,3
/home/sandro/workspace/sandro/MLCQCodeSmellSamples/scripts/../dataset/spring-data-neo4j_bf5704c5f710656d30e93eae8b89ebedb1b920cc/spring-data-neo4j/src/test/java/org/springframework/data/neo4j/transactions/domain/User.java,org.springframework.data.neo4j.transactions.domain.User,setName/1[java.lang.String],name,3
/home/sandro/workspace/sandro/MLCQCodeSmellSamples/scripts/../dataset/spring-data-neo4j_bf5704c5f710656d30e93eae8b89ebedb1b920cc/spring-data-neo4j/src/test/java/org/springframework/data/neo4j/transactions/domain/User.java,org.springframework.data.neo4j.transactions.domain.User,getSpecies/0,species,1
/home/sandro/workspace/sandro/MLCQCodeSmellSamples/scripts/../dataset/spring-data-neo4j_bf5704c5f710656d30e93eae8b89ebedb1b920cc/spring-data-neo4j/src/test/java/org/springframework/data/neo4j/transactions/domain/User.java,org.springframework.data.neo4j.transactions.domain.User,getName/0,name,1
/home/sandro/workspace/sandro/MLCQCodeSmellSamples/scripts/../dataset/spring-data-neo4j_bf5704c5f710656d30e93eae8b89ebedb1b920cc/spring-data-neo4j/src/test/java/org/springframework/data/neo4j/transactions/domain/User.java,org.springframework.data.neo4j.transactions.domain.User,User/1[java.lang.String],name,3
/home/sandro/workspace/sandro/MLCQCodeSmellSamples/scripts/../dataset/spring-data-neo4j_bf5704c5f710656d30e93eae8b89ebedb1b920cc/spring-data-neo4j/src/test/java/org/springframework/data/neo4j/repository/support/Neo4jRepositoryFactoryBeanTests.java,org.springframework.data.neo4j.repository.support.Neo4jRepositoryFactoryBeanTests,setUp/0,context,1
/home/sandro/workspace/sandro/MLCQCodeSmellSamples/scripts/../dataset/spring-data-neo4j_bf5704c5f710656d30e93eae8b89ebedb1b920cc/spring-data-neo4j/src/test/java/org/springframework/data/neo4j/repository/support/Neo4jRepositoryFactoryBeanTests.java,org.springframework.data.neo4j.repository.support.Neo4jRepositoryFactoryBeanTests,setUp/0,factoryBean,3
/home/sandro/workspace/sandro/MLCQCodeSmellSamples/scripts/../dataset/spring-data-neo4j_bf5704c5f710656d30e93eae8b89ebedb1b920cc/spring-data-neo4j/src/test/java/org/springframework/data/neo4j/repository/support/Neo4jRepositoryFactoryBeanTests.java,org.springframework.data.neo4j.repository.support.Neo4jRepositoryFactoryBeanTests,preventsNullRepositoryInterface/0,factoryBean,1
/home/sandro/workspace/sandro/MLCQCodeSmellSamples/scripts/../dataset/spring-data-neo4j_bf5704c5f710656d30e93eae8b89ebedb1b920cc/spring-data-neo4j/src/test/java/org/springframework/data/neo4j/repository/support/Neo4jRepositoryFactoryBeanTests.java,org.springframework.data.neo4j.repository.support.Neo4jRepositoryFactoryBeanTests,requiresListableBeanFactory/0,factoryBean,1
/home/sandro/workspace/sandro/MLCQCodeSmellSamples/scripts/../dataset/spring-data-neo4j_bf5704c5f710656d30e93eae8b89ebedb1b920cc/spring-data-neo4j/src/test/java/org/springframework/data/neo4j/repository/support/Neo4jRepositoryFactoryBeanTests.java,org.springframework.data.neo4j.repository.support.Neo4jRepositoryFactoryBeanTests,setsUpBasicInstanceCorrectly/0,beanFactory,1
/home/sandro/workspace/sandro/MLCQCodeSmellSamples/scripts/../dataset/spring-data-neo4j_bf5704c5f710656d30e93eae8b89ebedb1b920cc/spring-data-neo4j/src/test/java/org/springframework/data/neo4j/repository/support/Neo4jRepositoryFactoryBeanTests.java,org.springframework.data.neo4j.repository.support.Neo4jRepositoryFactoryBeanTests,setsUpBasicInstanceCorrectly/0,factoryBean,3
/home/sandro/workspace/sandro/MLCQCodeSmellSamples/scripts/../dataset/spring-data-neo4j_bf5704c5f710656d30e93eae8b89ebedb1b920cc/spring-data-neo4j/src/test/java/org/springframework/data/neo4j/conversion/Neo4jOgmEntityInstantiatorAdapterTest.java,org.springframework.data.neo4j.conversion.Neo4jOgmEntityInstantiatorAdapterTest$ListReturningThing$ListOfNodesResult,ListOfNodesResult/1[java.util.List<org.springframework.data.neo4j.conversion.Node>],result,3
/home/sandro/workspace/sandro/MLCQCodeSmellSamples/scripts/../dataset/spring-data-neo4j_bf5704c5f710656d30e93eae8b89ebedb1b920cc/spring-data-neo4j/src/test/java/org/springframework/data/neo4j/examples/jsr303/service/AdultService.java,org.springframework.data.neo4j.examples.jsr303.service.AdultService,save/1[org.springframework.data.neo4j.examples.jsr303.domain.Adult],repository,1
/home/sandro/workspace/sandro/MLCQCodeSmellSamples/scripts/../dataset/spring-data-neo4j_bf5704c5f710656d30e93eae8b89ebedb1b920cc/spring-data-neo4j/src/main/java/org/springframework/data/neo4j/repository/support/SimpleNeo4jRepository.java,org.springframework.data.neo4j.repository.support.SimpleNeo4jRepository,count/0,session,1
/home/sandro/workspace/sandro/MLCQCodeSmellSamples/scripts/../dataset/spring-data-neo4j_bf5704c5f710656d30e93eae8b89ebedb1b920cc/spring-data-neo4j/src/main/java/org/springframework/data/neo4j/repository/support/SimpleNeo4jRepository.java,org.springframework.data.neo4j.repository.support.SimpleNeo4jRepository,count/0,clazz,1
/home/sandro/workspace/sandro/MLCQCodeSmellSamples/scripts/../dataset/spring-data-neo4j_bf5704c5f710656d30e93eae8b89ebedb1b920cc/spring-data-neo4j/src/main/java/org/springframework/data/neo4j/repository/support/SimpleNeo4jRepository.java,org.springframework.data.neo4j.repository.support.SimpleNeo4jRepository,"findAllById/3[java.lang.Iterable<ID>,org.springframework.data.neo4j.repository.support.Sort,int]",session,1
/home/sandro/workspace/sandro/MLCQCodeSmellSamples/scripts/../dataset/spring-data-neo4j_bf5704c5f710656d30e93eae8b89ebedb1b920cc/spring-data-neo4j/src/main/java/org/springframework/data/neo4j/repository/support/SimpleNeo4jRepository.java,org.springframework.data.neo4j.repository.support.SimpleNeo4jRepository,"findAllById/3[java.lang.Iterable<ID>,org.springframework.data.neo4j.repository.support.Sort,int]",clazz,1
/home/sandro/workspace/sandro/MLCQCodeSmellSamples/scripts/../dataset/spring-data-neo4j_bf5704c5f710656d30e93eae8b89ebedb1b920cc/spring-data-neo4j/src/main/java/org/springframework/data/neo4j/repository/support/SimpleNeo4jRepository.java,org.springframework.data.neo4j.repository.support.SimpleNeo4jRepository,findById/1[ID],ID_MUST_NOT_BE_NULL,1
/home/sandro/workspace/sandro/MLCQCodeSmellSamples/scripts/../dataset/spring-data-neo4j_bf5704c5f710656d30e93eae8b89ebedb1b920cc/spring-data-neo4j/src/main/java/org/springframework/data/neo4j/repository/support/SimpleNeo4jRepository.java,org.springframework.data.neo4j.repository.support.SimpleNeo4jRepository,findById/1[ID],session,1
/home/sandro/workspace/sandro/MLCQCodeSmellSamples/scripts/../dataset/spring-data-neo4j_bf5704c5f710656d30e93eae8b89ebedb1b920cc/spring-data-neo4j/src/main/java/org/springframework/data/neo4j/repository/support/SimpleNeo4jRepository.java,org.springframework.data.neo4j.repository.support.SimpleNeo4jRepository,findById/1[ID],clazz,1
/home/sandro/workspace/sandro/MLCQCodeSmellSamples/scripts/../dataset/spring-data-neo4j_bf5704c5f710656d30e93eae8b89ebedb1b920cc/spring-data-neo4j/src/main/java/org/springframework/data/neo4j/repository/support/SimpleNeo4jRepository.java,org.springframework.data.neo4j.repository.support.SimpleNeo4jRepository,deleteAll/0,session,1
/home/sandro/workspace/sandro/MLCQCodeSmellSamples/scripts/../dataset/spring-data-neo4j_bf5704c5f710656d30e93eae8b89ebedb1b920cc/spring-data-neo4j/src/main/java/org/springframework/data/neo4j/repository/support/SimpleNeo4jRepository.java,org.springframework.data.neo4j.repository.support.SimpleNeo4jRepository,deleteAll/0,clazz,1
/home/sandro/workspace/sandro/MLCQCodeSmellSamples/scripts/../dataset/spring-data-neo4j_bf5704c5f710656d30e93eae8b89ebedb1b920cc/spring-data-neo4j/src/main/java/org/springframework/data/neo4j/repository/support/SimpleNeo4jRepository.java,org.springframework.data.neo4j.repository.support.SimpleNeo4jRepository,"findAllById/2[java.lang.Iterable<ID>,int]",session,1
/home/sandro/workspace/sandro/MLCQCodeSmellSamples/scripts/../dataset/spring-data-neo4j_bf5704c5f710656d30e93eae8b89ebedb1b920cc/spring-data-neo4j/src/main/java/org/springframework/data/neo4j/repository/support/SimpleNeo4jRepository.java,org.springframework.data.neo4j.repository.support.SimpleNeo4jRepository,"findAllById/2[java.lang.Iterable<ID>,int]",clazz,1
/home/sandro/workspace/sandro/MLCQCodeSmellSamples/scripts/../dataset/spring-data-neo4j_bf5704c5f710656d30e93eae8b89ebedb1b920cc/spring-data-neo4j/src/main/java/org/springframework/data/neo4j/repository/support/SimpleNeo4jRepository.java,org.springframework.data.neo4j.repository.support.SimpleNeo4jRepository,findAllById/1[java.lang.Iterable<ID>],DEFAULT_QUERY_DEPTH,1
/home/sandro/workspace/sandro/MLCQCodeSmellSamples/scripts/../dataset/spring-data-neo4j_bf5704c5f710656d30e93eae8b89ebedb1b920cc/spring-data-neo4j/src/main/java/org/springframework/data/neo4j/repository/support/SimpleNeo4jRepository.java,org.springframework.data.neo4j.repository.support.SimpleNeo4jRepository,"findAllById/2[java.lang.Iterable<ID>,org.springframework.data.neo4j.repository.support.Sort]",DEFAULT_QUERY_DEPTH,1
/home/sandro/workspace/sandro/MLCQCodeSmellSamples/scripts/../dataset/spring-data-neo4j_bf5704c5f710656d30e93eae8b89ebedb1b920cc/spring-data-neo4j/src/main/java/org/springframework/data/neo4j/repository/support/SimpleNeo4jRepository.java,org.springframework.data.neo4j.repository.support.SimpleNeo4jRepository,"findAll/2[org.springframework.data.neo4j.repository.support.Pageable,int]",session,2
/home/sandro/workspace/sandro/MLCQCodeSmellSamples/scripts/../dataset/spring-data-neo4j_bf5704c5f710656d30e93eae8b89ebedb1b920cc/spring-data-neo4j/src/main/java/org/springframework/data/neo4j/repository/support/SimpleNeo4jRepository.java,org.springframework.data.neo4j.repository.support.SimpleNeo4jRepository,"findAll/2[org.springframework.data.neo4j.repository.support.Pageable,int]",clazz,2
/home/sandro/workspace/sandro/MLCQCodeSmellSamples/scripts/../dataset/spring-data-neo4j_bf5704c5f710656d30e93eae8b89ebedb1b920cc/spring-data-neo4j/src/main/java/org/springframework/data/neo4j/repository/support/SimpleNeo4jRepository.java,org.springframework.data.neo4j.repository.support.SimpleNeo4jRepository,"save/2[java.lang.Iterable<S>,int]",session,1
/home/sandro/workspace/sandro/MLCQCodeSmellSamples/scripts/../dataset/spring-data-neo4j_bf5704c5f710656d30e93eae8b89ebedb1b920cc/spring-data-neo4j/src/main/java/org/springframework/data/neo4j/repository/support/SimpleNeo4jRepository.java,org.springframework.data.neo4j.repository.support.SimpleNeo4jRepository,"findById/2[ID,int]",session,1
/home/sandro/workspace/sandro/MLCQCodeSmellSamples/scripts/../dataset/spring-data-neo4j_bf5704c5f710656d30e93eae8b89ebedb1b920cc/spring-data-neo4j/src/main/java/org/springframework/data/neo4j/repository/support/SimpleNeo4jRepository.java,org.springframework.data.neo4j.repository.support.SimpleNeo4jRepository,"findById/2[ID,int]",clazz,1
/home/sandro/workspace/sandro/MLCQCodeSmellSamples/scripts/../dataset/spring-data-neo4j_bf5704c5f710656d30e93eae8b89ebedb1b920cc/spring-data-neo4j/src/main/java/org/springframework/data/neo4j/repository/support/SimpleNeo4jRepository.java,org.springframework.data.neo4j.repository.support.SimpleNeo4jRepository,saveAll/1[java.lang.Iterable<S>],session,1
/home/sandro/workspace/sandro/MLCQCodeSmellSamples/scripts/../dataset/spring-data-neo4j_bf5704c5f710656d30e93eae8b89ebedb1b920cc/spring-data-neo4j/src/main/java/org/springframework/data/neo4j/repository/support/SimpleNeo4jRepository.java,org.springframework.data.neo4j.repository.support.SimpleNeo4jRepository,findAll/1[int],session,1
/home/sandro/workspace/sandro/MLCQCodeSmellSamples/scripts/../dataset/spring-data-neo4j_bf5704c5f710656d30e93eae8b89ebedb1b920cc/spring-data-neo4j/src/main/java/org/springframework/data/neo4j/repository/support/SimpleNeo4jRepository.java,org.springframework.data.neo4j.repository.support.SimpleNeo4jRepository,findAll/1[int],clazz,1
/home/sandro/workspace/sandro/MLCQCodeSmellSamples/scripts/../dataset/spring-data-neo4j_bf5704c5f710656d30e93eae8b89ebedb1b920cc/spring-data-neo4j/src/main/java/org/springframework/data/neo4j/repository/support/SimpleNeo4jRepository.java,org.springframework.data.neo4j.repository.support.SimpleNeo4jRepository,save/1[S],session,1
/home/sandro/workspace/sandro/MLCQCodeSmellSamples/scripts/../dataset/spring-data-neo4j_bf5704c5f710656d30e93eae8b89ebedb1b920cc/spring-data-neo4j/src/main/java/org/springframework/data/neo4j/repository/support/SimpleNeo4jRepository.java,org.springframework.data.neo4j.repository.support.SimpleNeo4jRepository,deleteById/1[ID],session,1
/home/sandro/workspace/sandro/MLCQCodeSmellSamples/scripts/../dataset/spring-data-neo4j_bf5704c5f710656d30e93eae8b89ebedb1b920cc/spring-data-neo4j/src/main/java/org/springframework/data/neo4j/repository/support/SimpleNeo4jRepository.java,org.springframework.data.neo4j.repository.support.SimpleNeo4jRepository,deleteAll/1[java.lang.Iterable<? extends T>],session,1
/home/sandro/workspace/sandro/MLCQCodeSmellSamples/scripts/../dataset/spring-data-neo4j_bf5704c5f710656d30e93eae8b89ebedb1b920cc/spring-data-neo4j/src/main/java/org/springframework/data/neo4j/repository/support/SimpleNeo4jRepository.java,org.springframework.data.neo4j.repository.support.SimpleNeo4jRepository,findAll/1[org.springframework.data.neo4j.repository.support.Sort],DEFAULT_QUERY_DEPTH,1
/home/sandro/workspace/sandro/MLCQCodeSmellSamples/scripts/../dataset/spring-data-neo4j_bf5704c5f710656d30e93eae8b89ebedb1b920cc/spring-data-neo4j/src/main/java/org/springframework/data/neo4j/repository/support/SimpleNeo4jRepository.java,org.springframework.data.neo4j.repository.support.SimpleNeo4jRepository,"SimpleNeo4jRepository/2[java.lang.Class<T>,org.springframework.data.neo4j.repository.support.Session]",session,5
/home/sandro/workspace/sandro/MLCQCodeSmellSamples/scripts/../dataset/spring-data-neo4j_bf5704c5f710656d30e93eae8b89ebedb1b920cc/spring-data-neo4j/src/main/java/org/springframework/data/neo4j/repository/support/SimpleNeo4jRepository.java,org.springframework.data.neo4j.repository.support.SimpleNeo4jRepository,"SimpleNeo4jRepository/2[java.lang.Class<T>,org.springframework.data.neo4j.repository.support.Session]",clazz,1
/home/sandro/workspace/sandro/MLCQCodeSmellSamples/scripts/../dataset/spring-data-neo4j_bf5704c5f710656d30e93eae8b89ebedb1b920cc/spring-data-neo4j/src/main/java/org/springframework/data/neo4j/repository/support/SimpleNeo4jRepository.java,org.springframework.data.neo4j.repository.support.SimpleNeo4jRepository,delete/1[T],session,1
/home/sandro/workspace/sandro/MLCQCodeSmellSamples/scripts/../dataset/spring-data-neo4j_bf5704c5f710656d30e93eae8b89ebedb1b920cc/spring-data-neo4j/src/main/java/org/springframework/data/neo4j/repository/support/SimpleNeo4jRepository.java,org.springframework.data.neo4j.repository.support.SimpleNeo4jRepository,"save/2[S,int]",session,1
/home/sandro/workspace/sandro/MLCQCodeSmellSamples/scripts/../dataset/spring-data-neo4j_bf5704c5f710656d30e93eae8b89ebedb1b920cc/spring-data-neo4j/src/main/java/org/springframework/data/neo4j/repository/support/SimpleNeo4jRepository.java,org.springframework.data.neo4j.repository.support.SimpleNeo4jRepository,"findAll/2[org.springframework.data.neo4j.repository.support.Sort,int]",session,1
/home/sandro/workspace/sandro/MLCQCodeSmellSamples/scripts/../dataset/spring-data-neo4j_bf5704c5f710656d30e93eae8b89ebedb1b920cc/spring-data-neo4j/src/main/java/org/springframework/data/neo4j/repository/support/SimpleNeo4jRepository.java,org.springframework.data.neo4j.repository.support.SimpleNeo4jRepository,"findAll/2[org.springframework.data.neo4j.repository.support.Sort,int]",clazz,1
/home/sandro/workspace/sandro/MLCQCodeSmellSamples/scripts/../dataset/spring-data-neo4j_bf5704c5f710656d30e93eae8b89ebedb1b920cc/spring-data-neo4j/src/main/java/org/springframework/data/neo4j/repository/support/SimpleNeo4jRepository.java,org.springframework.data.neo4j.repository.support.SimpleNeo4jRepository,findAll/0,DEFAULT_QUERY_DEPTH,1
/home/sandro/workspace/sandro/MLCQCodeSmellSamples/scripts/../dataset/spring-data-neo4j_bf5704c5f710656d30e93eae8b89ebedb1b920cc/spring-data-neo4j/src/main/java/org/springframework/data/neo4j/repository/support/SimpleNeo4jRepository.java,org.springframework.data.neo4j.repository.support.SimpleNeo4jRepository,findAll/1[org.springframework.data.neo4j.repository.support.Pageable],DEFAULT_QUERY_DEPTH,1
/home/sandro/workspace/sandro/MLCQCodeSmellSamples/scripts/../dataset/spring-data-neo4j_bf5704c5f710656d30e93eae8b89ebedb1b920cc/spring-data-neo4j/src/main/java/org/springframework/data/neo4j/repository/query/GraphQueryExecution.java,org.springframework.data.neo4j.repository.query.GraphQueryExecution$CollectionExecution,"CollectionExecution/2[org.springframework.data.neo4j.repository.query.Session,org.springframework.data.neo4j.repository.query.GraphParameterAccessor]",session,3
/home/sandro/workspace/sandro/MLCQCodeSmellSamples/scripts/../dataset/spring-data-neo4j_bf5704c5f710656d30e93eae8b89ebedb1b920cc/spring-data-neo4j/src/main/java/org/springframework/data/neo4j/repository/query/GraphQueryExecution.java,org.springframework.data.neo4j.repository.query.GraphQueryExecution$CollectionExecution,"CollectionExecution/2[org.springframework.data.neo4j.repository.query.Session,org.springframework.data.neo4j.repository.query.GraphParameterAccessor]",accessor,3
/home/sandro/workspace/sandro/MLCQCodeSmellSamples/scripts/../dataset/spring-data-neo4j_bf5704c5f710656d30e93eae8b89ebedb1b920cc/spring-data-neo4j/src/main/java/org/springframework/data/neo4j/repository/query/GraphQueryExecution.java,org.springframework.data.neo4j.repository.query.GraphQueryExecution$CollectionExecution,"execute/2[org.springframework.data.neo4j.repository.query.Query,java.lang.Class<?>]",session,3
/home/sandro/workspace/sandro/MLCQCodeSmellSamples/scripts/../dataset/spring-data-neo4j_bf5704c5f710656d30e93eae8b89ebedb1b920cc/spring-data-neo4j/src/main/java/org/springframework/data/neo4j/repository/query/GraphQueryExecution.java,org.springframework.data.neo4j.repository.query.GraphQueryExecution$CollectionExecution,"execute/2[org.springframework.data.neo4j.repository.query.Query,java.lang.Class<?>]",accessor,4
/home/sandro/workspace/sandro/MLCQCodeSmellSamples/scripts/../dataset/spring-data-neo4j_bf5704c5f710656d30e93eae8b89ebedb1b920cc/spring-data-neo4j/src/test/java/org/springframework/data/neo4j/integration/constructors/domain/Friendship.java,org.springframework.data.neo4j.integration.constructors.domain.Friendship,setId/1[java.lang.Long],id,3
/home/sandro/workspace/sandro/MLCQCodeSmellSamples/scripts/../dataset/spring-data-neo4j_bf5704c5f710656d30e93eae8b89ebedb1b920cc/spring-data-neo4j/src/test/java/org/springframework/data/neo4j/integration/constructors/domain/Friendship.java,org.springframework.data.neo4j.integration.constructors.domain.Friendship,"Friendship/4[org.springframework.data.neo4j.integration.constructors.domain.Person,org.springframework.data.neo4j.integration.constructors.domain.Person,java.util.Date,org.springframework.data.neo4j.integration.constructors.domain.Point]",location,4
/home/sandro/workspace/sandro/MLCQCodeSmellSamples/scripts/../dataset/spring-data-neo4j_bf5704c5f710656d30e93eae8b89ebedb1b920cc/spring-data-neo4j/src/test/java/org/springframework/data/neo4j/integration/constructors/domain/Friendship.java,org.springframework.data.neo4j.integration.constructors.domain.Friendship,"Friendship/4[org.springframework.data.neo4j.integration.constructors.domain.Person,org.springframework.data.neo4j.integration.constructors.domain.Person,java.util.Date,org.springframework.data.neo4j.integration.constructors.domain.Point]",personStartNode,4
/home/sandro/workspace/sandro/MLCQCodeSmellSamples/scripts/../dataset/spring-data-neo4j_bf5704c5f710656d30e93eae8b89ebedb1b920cc/spring-data-neo4j/src/test/java/org/springframework/data/neo4j/integration/constructors/domain/Friendship.java,org.springframework.data.neo4j.integration.constructors.domain.Friendship,"Friendship/4[org.springframework.data.neo4j.integration.constructors.domain.Person,org.springframework.data.neo4j.integration.constructors.domain.Person,java.util.Date,org.springframework.data.neo4j.integration.constructors.domain.Point]",personEndNode,4
/home/sandro/workspace/sandro/MLCQCodeSmellSamples/scripts/../dataset/spring-data-neo4j_bf5704c5f710656d30e93eae8b89ebedb1b920cc/spring-data-neo4j/src/test/java/org/springframework/data/neo4j/integration/constructors/domain/Friendship.java,org.springframework.data.neo4j.integration.constructors.domain.Friendship,"Friendship/4[org.springframework.data.neo4j.integration.constructors.domain.Person,org.springframework.data.neo4j.integration.constructors.domain.Person,java.util.Date,org.springframework.data.neo4j.integration.constructors.domain.Point]",timestamp,4
/home/sandro/workspace/sandro/MLCQCodeSmellSamples/scripts/../dataset/spring-data-neo4j_bf5704c5f710656d30e93eae8b89ebedb1b920cc/spring-data-neo4j/src/test/java/org/springframework/data/neo4j/integration/constructors/domain/Friendship.java,org.springframework.data.neo4j.integration.constructors.domain.Friendship,getPersonStartNode/0,personStartNode,1
/home/sandro/workspace/sandro/MLCQCodeSmellSamples/scripts/../dataset/spring-data-neo4j_bf5704c5f710656d30e93eae8b89ebedb1b920cc/spring-data-neo4j/src/test/java/org/springframework/data/neo4j/integration/constructors/domain/Friendship.java,org.springframework.data.neo4j.integration.constructors.domain.Friendship,getLocation/0,location,1
/home/sandro/workspace/sandro/MLCQCodeSmellSamples/scripts/../dataset/spring-data-neo4j_bf5704c5f710656d30e93eae8b89ebedb1b920cc/spring-data-neo4j/src/test/java/org/springframework/data/neo4j/integration/constructors/domain/Friendship.java,org.springframework.data.neo4j.integration.constructors.domain.Friendship,getId/0,id,1
/home/sandro/workspace/sandro/MLCQCodeSmellSamples/scripts/../dataset/spring-data-neo4j_bf5704c5f710656d30e93eae8b89ebedb1b920cc/spring-data-neo4j/src/test/java/org/springframework/data/neo4j/integration/constructors/domain/Friendship.java,org.springframework.data.neo4j.integration.constructors.domain.Friendship,getPersonEndNode/0,personEndNode,1
/home/sandro/workspace/sandro/MLCQCodeSmellSamples/scripts/../dataset/spring-data-neo4j_bf5704c5f710656d30e93eae8b89ebedb1b920cc/spring-data-neo4j/src/test/java/org/springframework/data/neo4j/integration/constructors/domain/Friendship.java,org.springframework.data.neo4j.integration.constructors.domain.Friendship,getTimestamp/0,timestamp,1
/home/sandro/workspace/sandro/MLCQCodeSmellSamples/scripts/../dataset/spring-data-neo4j_bf5704c5f710656d30e93eae8b89ebedb1b920cc/spring-data-neo4j/src/test/java/org/springframework/data/neo4j/integration/conversion/domain/MonetaryAmount.java,org.springframework.data.neo4j.integration.conversion.domain.MonetaryAmount,"MonetaryAmount/2[int,int]",amount,1
/home/sandro/workspace/sandro/MLCQCodeSmellSamples/scripts/../dataset/spring-data-neo4j_bf5704c5f710656d30e93eae8b89ebedb1b920cc/spring-data-neo4j/src/test/java/org/springframework/data/neo4j/integration/conversion/domain/MonetaryAmount.java,org.springframework.data.neo4j.integration.conversion.domain.MonetaryAmount,toString/0,amount,2
/home/sandro/workspace/sandro/MLCQCodeSmellSamples/scripts/../dataset/spring-data-neo4j_bf5704c5f710656d30e93eae8b89ebedb1b920cc/spring-data-neo4j/src/test/java/org/springframework/data/neo4j/integration/conversion/domain/MonetaryAmount.java,org.springframework.data.neo4j.integration.conversion.domain.MonetaryAmount,hashCode/0,amount,2
/home/sandro/workspace/sandro/MLCQCodeSmellSamples/scripts/../dataset/spring-data-neo4j_bf5704c5f710656d30e93eae8b89ebedb1b920cc/spring-data-neo4j/src/test/java/org/springframework/data/neo4j/integration/conversion/domain/MonetaryAmount.java,org.springframework.data.neo4j.integration.conversion.domain.MonetaryAmount,equals/1[java.lang.Object],amount,1
/home/sandro/workspace/sandro/MLCQCodeSmellSamples/scripts/../dataset/spring-data-neo4j_bf5704c5f710656d30e93eae8b89ebedb1b920cc/spring-data-neo4j/src/test/java/org/springframework/data/neo4j/integration/conversion/domain/MonetaryAmount.java,org.springframework.data.neo4j.integration.conversion.domain.MonetaryAmount,getAmountAsSubUnits/0,amount,1
/home/sandro/workspace/sandro/MLCQCodeSmellSamples/scripts/../dataset/spring-data-neo4j_bf5704c5f710656d30e93eae8b89ebedb1b920cc/spring-data-neo4j/src/test/java/org/springframework/data/neo4j/queries/StoredProceduresTests.java,org.springframework.data.neo4j.queries.StoredProceduresTests,atQueryMethodShouldIgnoreResultsOfStoredProceduresWhenMappedToNull/0,documentRepository,1
/home/sandro/workspace/sandro/MLCQCodeSmellSamples/scripts/../dataset/spring-data-neo4j_bf5704c5f710656d30e93eae8b89ebedb1b920cc/spring-data-neo4j/src/test/java/org/springframework/data/neo4j/queries/StoredProceduresTests.java,org.springframework.data.neo4j.queries.StoredProceduresTests,initializeNeo4j/0,serverControls,2
/home/sandro/workspace/sandro/MLCQCodeSmellSamples/scripts/../dataset/spring-data-neo4j_bf5704c5f710656d30e93eae8b89ebedb1b920cc/spring-data-neo4j/src/test/java/org/springframework/data/neo4j/queries/StoredProceduresTests.java,org.springframework.data.neo4j.queries.StoredProceduresTests,initializeNeo4j/0,boltURI,2
/home/sandro/workspace/sandro/MLCQCodeSmellSamples/scripts/../dataset/spring-data-neo4j_bf5704c5f710656d30e93eae8b89ebedb1b920cc/spring-data-neo4j/src/test/java/org/springframework/data/neo4j/queries/StoredProceduresTests.java,org.springframework.data.neo4j.queries.StoredProceduresTests,tearDownNeo4j/0,serverControls,1
/home/sandro/workspace/sandro/MLCQCodeSmellSamples/scripts/../dataset/spring-data-neo4j_bf5704c5f710656d30e93eae8b89ebedb1b920cc/spring-data-neo4j/src/test/java/org/springframework/data/neo4j/examples/movies/domain/AbstractEntity.java,org.springframework.data.neo4j.examples.movies.domain.AbstractEntity,getId/0,id,1
/home/sandro/workspace/sandro/MLCQCodeSmellSamples/scripts/../dataset/spring-data-neo4j_bf5704c5f710656d30e93eae8b89ebedb1b920cc/spring-data-neo4j/src/test/java/org/springframework/data/neo4j/examples/restaurants/domain/Restaurant.java,org.springframework.data.neo4j.examples.restaurants.domain.Restaurant,toString/0,score,1
/home/sandro/workspace/sandro/MLCQCodeSmellSamples/scripts/../dataset/spring-data-neo4j_bf5704c5f710656d30e93eae8b89ebedb1b920cc/spring-data-neo4j/src/test/java/org/springframework/data/neo4j/examples/restaurants/domain/Restaurant.java,org.springframework.data.neo4j.examples.restaurants.domain.Restaurant,toString/0,name,1
/home/sandro/workspace/sandro/MLCQCodeSmellSamples/scripts/../dataset/spring-data-neo4j_bf5704c5f710656d30e93eae8b89ebedb1b920cc/spring-data-neo4j/src/test/java/org/springframework/data/neo4j/examples/restaurants/domain/Restaurant.java,org.springframework.data.neo4j.examples.restaurants.domain.Restaurant,getLocation/0,location,1
/home/sandro/workspace/sandro/MLCQCodeSmellSamples/scripts/../dataset/spring-data-neo4j_bf5704c5f710656d30e93eae8b89ebedb1b920cc/spring-data-neo4j/src/test/java/org/springframework/data/neo4j/examples/restaurants/domain/Restaurant.java,org.springframework.data.neo4j.examples.restaurants.domain.Restaurant,getDescription/0,description,1
/home/sandro/workspace/sandro/MLCQCodeSmellSamples/scripts/../dataset/spring-data-neo4j_bf5704c5f710656d30e93eae8b89ebedb1b920cc/spring-data-neo4j/src/test/java/org/springframework/data/neo4j/examples/restaurants/domain/Restaurant.java,org.springframework.data.neo4j.examples.restaurants.domain.Restaurant,setDescription/1[java.lang.String],description,3
/home/sandro/workspace/sandro/MLCQCodeSmellSamples/scripts/../dataset/spring-data-neo4j_bf5704c5f710656d30e93eae8b89ebedb1b920cc/spring-data-neo4j/src/test/java/org/springframework/data/neo4j/examples/restaurants/domain/Restaurant.java,org.springframework.data.neo4j.examples.restaurants.domain.Restaurant,addRegularDiner/1[org.springframework.data.neo4j.examples.restaurants.domain.Diner],regularDiners,1
/home/sandro/workspace/sandro/MLCQCodeSmellSamples/scripts/../dataset/spring-data-neo4j_bf5704c5f710656d30e93eae8b89ebedb1b920cc/spring-data-neo4j/src/test/java/org/springframework/data/neo4j/examples/restaurants/domain/Restaurant.java,org.springframework.data.neo4j.examples.restaurants.domain.Restaurant,"Restaurant/3[java.lang.String,org.springframework.data.neo4j.examples.restaurants.domain.Point,int]",zip,3
/home/sandro/workspace/sandro/MLCQCodeSmellSamples/scripts/../dataset/spring-data-neo4j_bf5704c5f710656d30e93eae8b89ebedb1b920cc/spring-data-neo4j/src/test/java/org/springframework/data/neo4j/examples/restaurants/domain/Restaurant.java,org.springframework.data.neo4j.examples.restaurants.domain.Restaurant,"Restaurant/3[java.lang.String,org.springframework.data.neo4j.examples.restaurants.domain.Point,int]",name,3
/home/sandro/workspace/sandro/MLCQCodeSmellSamples/scripts/../dataset/spring-data-neo4j_bf5704c5f710656d30e93eae8b89ebedb1b920cc/spring-data-neo4j/src/test/java/org/springframework/data/neo4j/examples/restaurants/domain/Restaurant.java,org.springframework.data.neo4j.examples.restaurants.domain.Restaurant,"Restaurant/3[java.lang.String,org.springframework.data.neo4j.examples.restaurants.domain.Point,int]",location,3
/home/sandro/workspace/sandro/MLCQCodeSmellSamples/scripts/../dataset/spring-data-neo4j_bf5704c5f710656d30e93eae8b89ebedb1b920cc/spring-data-neo4j/src/test/java/org/springframework/data/neo4j/examples/restaurants/domain/Restaurant.java,org.springframework.data.neo4j.examples.restaurants.domain.Restaurant,setZip/1[int],zip,3
/home/sandro/workspace/sandro/MLCQCodeSmellSamples/scripts/../dataset/spring-data-neo4j_bf5704c5f710656d30e93eae8b89ebedb1b920cc/spring-data-neo4j/src/test/java/org/springframework/data/neo4j/examples/restaurants/domain/Restaurant.java,org.springframework.data.neo4j.examples.restaurants.domain.Restaurant,addSimilarRestaurant/1[org.springframework.data.neo4j.examples.restaurants.domain.Restaurant],similarRestaurants,1
/home/sandro/workspace/sandro/MLCQCodeSmellSamples/scripts/../dataset/spring-data-neo4j_bf5704c5f710656d30e93eae8b89ebedb1b920cc/spring-data-neo4j/src/test/java/org/springframework/data/neo4j/examples/restaurants/domain/Restaurant.java,org.springframework.data.neo4j.examples.restaurants.domain.Restaurant,"Restaurant/2[java.lang.String,double]",score,3
/home/sandro/workspace/sandro/MLCQCodeSmellSamples/scripts/../dataset/spring-data-neo4j_bf5704c5f710656d30e93eae8b89ebedb1b920cc/spring-data-neo4j/src/test/java/org/springframework/data/neo4j/examples/restaurants/domain/Restaurant.java,org.springframework.data.neo4j.examples.restaurants.domain.Restaurant,"Restaurant/2[java.lang.String,double]",name,3
/home/sandro/workspace/sandro/MLCQCodeSmellSamples/scripts/../dataset/spring-data-neo4j_bf5704c5f710656d30e93eae8b89ebedb1b920cc/spring-data-neo4j/src/test/java/org/springframework/data/neo4j/examples/restaurants/domain/Restaurant.java,org.springframework.data.neo4j.examples.restaurants.domain.Restaurant,getName/0,name,1
/home/sandro/workspace/sandro/MLCQCodeSmellSamples/scripts/../dataset/spring-data-neo4j_bf5704c5f710656d30e93eae8b89ebedb1b920cc/spring-data-neo4j/src/test/java/org/springframework/data/neo4j/examples/restaurants/domain/Restaurant.java,org.springframework.data.neo4j.examples.restaurants.domain.Restaurant,setName/1[java.lang.String],name,3
/home/sandro/workspace/sandro/MLCQCodeSmellSamples/scripts/../dataset/spring-data-neo4j_bf5704c5f710656d30e93eae8b89ebedb1b920cc/spring-data-neo4j/src/test/java/org/springframework/data/neo4j/examples/restaurants/domain/Restaurant.java,org.springframework.data.neo4j.examples.restaurants.domain.Restaurant,getZip/0,zip,1
/home/sandro/workspace/sandro/MLCQCodeSmellSamples/scripts/../dataset/spring-data-neo4j_bf5704c5f710656d30e93eae8b89ebedb1b920cc/spring-data-neo4j/src/test/java/org/springframework/data/neo4j/examples/restaurants/domain/Restaurant.java,org.springframework.data.neo4j.examples.restaurants.domain.Restaurant,getRegularDiners/0,regularDiners,1
/home/sandro/workspace/sandro/MLCQCodeSmellSamples/scripts/../dataset/spring-data-neo4j_bf5704c5f710656d30e93eae8b89ebedb1b920cc/spring-data-neo4j/src/test/java/org/springframework/data/neo4j/examples/restaurants/domain/Restaurant.java,org.springframework.data.neo4j.examples.restaurants.domain.Restaurant,getScore/0,score,1
/home/sandro/workspace/sandro/MLCQCodeSmellSamples/scripts/../dataset/spring-data-neo4j_bf5704c5f710656d30e93eae8b89ebedb1b920cc/spring-data-neo4j/src/test/java/org/springframework/data/neo4j/examples/restaurants/domain/Restaurant.java,org.springframework.data.neo4j.examples.restaurants.domain.Restaurant,setHalal/1[boolean],halal,3
/home/sandro/workspace/sandro/MLCQCodeSmellSamples/scripts/../dataset/spring-data-neo4j_bf5704c5f710656d30e93eae8b89ebedb1b920cc/spring-data-neo4j/src/test/java/org/springframework/data/neo4j/examples/restaurants/domain/Restaurant.java,org.springframework.data.neo4j.examples.restaurants.domain.Restaurant,getLaunchDate/0,launchDate,1
/home/sandro/workspace/sandro/MLCQCodeSmellSamples/scripts/../dataset/spring-data-neo4j_bf5704c5f710656d30e93eae8b89ebedb1b920cc/spring-data-neo4j/src/test/java/org/springframework/data/neo4j/examples/restaurants/domain/Restaurant.java,org.springframework.data.neo4j.examples.restaurants.domain.Restaurant,setLaunchDate/1[java.util.Date],launchDate,3
/home/sandro/workspace/sandro/MLCQCodeSmellSamples/scripts/../dataset/spring-data-neo4j_bf5704c5f710656d30e93eae8b89ebedb1b920cc/spring-data-neo4j/src/test/java/org/springframework/data/neo4j/examples/restaurants/domain/Restaurant.java,org.springframework.data.neo4j.examples.restaurants.domain.Restaurant,halal/0,halal,2
/home/sandro/workspace/sandro/MLCQCodeSmellSamples/scripts/../dataset/spring-data-neo4j_bf5704c5f710656d30e93eae8b89ebedb1b920cc/spring-data-neo4j/src/test/java/org/springframework/data/neo4j/examples/restaurants/domain/Restaurant.java,org.springframework.data.neo4j.examples.restaurants.domain.Restaurant,"Restaurant/2[java.lang.String,java.lang.String]",name,3
/home/sandro/workspace/sandro/MLCQCodeSmellSamples/scripts/../dataset/spring-data-neo4j_bf5704c5f710656d30e93eae8b89ebedb1b920cc/spring-data-neo4j/src/test/java/org/springframework/data/neo4j/examples/restaurants/domain/Restaurant.java,org.springframework.data.neo4j.examples.restaurants.domain.Restaurant,"Restaurant/2[java.lang.String,java.lang.String]",description,3
/home/sandro/workspace/sandro/MLCQCodeSmellSamples/scripts/../dataset/spring-data-neo4j_bf5704c5f710656d30e93eae8b89ebedb1b920cc/spring-data-neo4j/src/test/java/org/springframework/data/neo4j/examples/restaurants/domain/Restaurant.java,org.springframework.data.neo4j.examples.restaurants.domain.Restaurant,setLocation/1[org.springframework.data.neo4j.examples.restaurants.domain.Point],location,3
/home/sandro/workspace/sandro/MLCQCodeSmellSamples/scripts/../dataset/spring-data-neo4j_bf5704c5f710656d30e93eae8b89ebedb1b920cc/spring-data-neo4j/src/test/java/org/springframework/data/neo4j/examples/restaurants/domain/Restaurant.java,org.springframework.data.neo4j.examples.restaurants.domain.Restaurant,getSimilarRestaurants/0,similarRestaurants,1
/home/sandro/workspace/sandro/MLCQCodeSmellSamples/scripts/../dataset/spring-data-neo4j_bf5704c5f710656d30e93eae8b89ebedb1b920cc/spring-data-neo4j/src/test/java/org/springframework/data/neo4j/examples/restaurants/domain/Restaurant.java,org.springframework.data.neo4j.examples.restaurants.domain.Restaurant,setScore/1[double],score,3
/home/sandro/workspace/sandro/MLCQCodeSmellSamples/scripts/../dataset/spring-data-neo4j_bf5704c5f710656d30e93eae8b89ebedb1b920cc/spring-data-neo4j/src/test/java/org/springframework/data/neo4j/examples/friends/domain/Friendship.java,org.springframework.data.neo4j.examples.friends.domain.Friendship,getTimestamp/0,timestamp,1
/home/sandro/workspace/sandro/MLCQCodeSmellSamples/scripts/../dataset/spring-data-neo4j_bf5704c5f710656d30e93eae8b89ebedb1b920cc/spring-data-neo4j/src/test/java/org/springframework/data/neo4j/examples/friends/domain/Friendship.java,org.springframework.data.neo4j.examples.friends.domain.Friendship,getPersonStartNode/0,personStartNode,1
/home/sandro/workspace/sandro/MLCQCodeSmellSamples/scripts/../dataset/spring-data-neo4j_bf5704c5f710656d30e93eae8b89ebedb1b920cc/spring-data-neo4j/src/test/java/org/springframework/data/neo4j/examples/friends/domain/Friendship.java,org.springframework.data.neo4j.examples.friends.domain.Friendship,getPersonEndNode/0,personEndNode,1
/home/sandro/workspace/sandro/MLCQCodeSmellSamples/scripts/../dataset/spring-data-neo4j_bf5704c5f710656d30e93eae8b89ebedb1b920cc/spring-data-neo4j/src/test/java/org/springframework/data/neo4j/examples/friends/domain/Friendship.java,org.springframework.data.neo4j.examples.friends.domain.Friendship,setTimestamp/1[long],timestamp,3
/home/sandro/workspace/sandro/MLCQCodeSmellSamples/scripts/../dataset/spring-data-neo4j_bf5704c5f710656d30e93eae8b89ebedb1b920cc/spring-data-neo4j/src/test/java/org/springframework/data/neo4j/examples/friends/domain/Friendship.java,org.springframework.data.neo4j.examples.friends.domain.Friendship,setPersonEndNode/1[org.springframework.data.neo4j.examples.friends.domain.Person],personEndNode,3
/home/sandro/workspace/sandro/MLCQCodeSmellSamples/scripts/../dataset/spring-data-neo4j_bf5704c5f710656d30e93eae8b89ebedb1b920cc/spring-data-neo4j/src/test/java/org/springframework/data/neo4j/examples/friends/domain/Friendship.java,org.springframework.data.neo4j.examples.friends.domain.Friendship,getId/0,id,1
/home/sandro/workspace/sandro/MLCQCodeSmellSamples/scripts/../dataset/spring-data-neo4j_bf5704c5f710656d30e93eae8b89ebedb1b920cc/spring-data-neo4j/src/test/java/org/springframework/data/neo4j/examples/friends/domain/Friendship.java,org.springframework.data.neo4j.examples.friends.domain.Friendship,"Friendship/2[org.springframework.data.neo4j.examples.friends.domain.Person,org.springframework.data.neo4j.examples.friends.domain.Person]",personStartNode,3
/home/sandro/workspace/sandro/MLCQCodeSmellSamples/scripts/../dataset/spring-data-neo4j_bf5704c5f710656d30e93eae8b89ebedb1b920cc/spring-data-neo4j/src/test/java/org/springframework/data/neo4j/examples/friends/domain/Friendship.java,org.springframework.data.neo4j.examples.friends.domain.Friendship,"Friendship/2[org.springframework.data.neo4j.examples.friends.domain.Person,org.springframework.data.neo4j.examples.friends.domain.Person]",personEndNode,3
/home/sandro/workspace/sandro/MLCQCodeSmellSamples/scripts/../dataset/spring-data-neo4j_bf5704c5f710656d30e93eae8b89ebedb1b920cc/spring-data-neo4j/src/test/java/org/springframework/data/neo4j/examples/friends/domain/Friendship.java,org.springframework.data.neo4j.examples.friends.domain.Friendship,setPersonStartNode/1[org.springframework.data.neo4j.examples.friends.domain.Person],personStartNode,3
/home/sandro/workspace/sandro/MLCQCodeSmellSamples/scripts/../dataset/spring-data-neo4j_bf5704c5f710656d30e93eae8b89ebedb1b920cc/spring-data-neo4j/src/test/java/org/springframework/data/neo4j/examples/friends/domain/Friendship.java,org.springframework.data.neo4j.examples.friends.domain.Friendship,setId/1[java.lang.Long],id,3
/home/sandro/workspace/sandro/MLCQCodeSmellSamples/scripts/../dataset/spring-data-neo4j_bf5704c5f710656d30e93eae8b89ebedb1b920cc/spring-data-neo4j/src/test/java/org/springframework/data/neo4j/integration/conversion/domain/JavaElement.java,org.springframework.data.neo4j.integration.conversion.domain.JavaElement,getIdentifier/0,identifier,1
/home/sandro/workspace/sandro/MLCQCodeSmellSamples/scripts/../dataset/spring-data-neo4j_bf5704c5f710656d30e93eae8b89ebedb1b920cc/spring-data-neo4j/src/test/java/org/springframework/data/neo4j/integration/conversion/domain/JavaElement.java,org.springframework.data.neo4j.integration.conversion.domain.JavaElement,setName/1[java.lang.String],name,3
/home/sandro/workspace/sandro/MLCQCodeSmellSamples/scripts/../dataset/spring-data-neo4j_bf5704c5f710656d30e93eae8b89ebedb1b920cc/spring-data-neo4j/src/test/java/org/springframework/data/neo4j/integration/conversion/domain/JavaElement.java,org.springframework.data.neo4j.integration.conversion.domain.JavaElement,getName/0,name,1
/home/sandro/workspace/sandro/MLCQCodeSmellSamples/scripts/../dataset/spring-data-neo4j_bf5704c5f710656d30e93eae8b89ebedb1b920cc/spring-data-neo4j/src/test/java/org/springframework/data/neo4j/integration/conversion/domain/JavaElement.java,org.springframework.data.neo4j.integration.conversion.domain.JavaElement,getElementType/0,elementType,1
/home/sandro/workspace/sandro/MLCQCodeSmellSamples/scripts/../dataset/spring-data-neo4j_bf5704c5f710656d30e93eae8b89ebedb1b920cc/spring-data-neo4j/src/test/java/org/springframework/data/neo4j/integration/conversion/domain/JavaElement.java,org.springframework.data.neo4j.integration.conversion.domain.JavaElement,setElementType/1[java.lang.annotation.ElementType],elementType,3
/home/sandro/workspace/sandro/MLCQCodeSmellSamples/scripts/../dataset/spring-data-neo4j_bf5704c5f710656d30e93eae8b89ebedb1b920cc/spring-data-neo4j/src/test/java/org/springframework/data/neo4j/integration/conversion/domain/JavaElement.java,org.springframework.data.neo4j.integration.conversion.domain.JavaElement,setIdentifier/1[java.lang.Long],identifier,3
/home/sandro/workspace/sandro/MLCQCodeSmellSamples/scripts/../dataset/spring-data-neo4j_bf5704c5f710656d30e93eae8b89ebedb1b920cc/spring-data-neo4j/src/test/java/org/springframework/data/neo4j/events/Neo4jModificationEventListener.java,org.springframework.data.neo4j.events.Neo4jModificationEventListener,onPreDeleteEvent/1[org.springframework.data.neo4j.events.PreDeleteEvent],preDeleteEventCount,1
/home/sandro/workspace/sandro/MLCQCodeSmellSamples/scripts/../dataset/spring-data-neo4j_bf5704c5f710656d30e93eae8b89ebedb1b920cc/spring-data-neo4j/src/test/java/org/springframework/data/neo4j/events/Neo4jModificationEventListener.java,org.springframework.data.neo4j.events.Neo4jModificationEventListener,onPreDeleteEvent/1[org.springframework.data.neo4j.events.PreDeleteEvent],preDeleteEvent,1
/home/sandro/workspace/sandro/MLCQCodeSmellSamples/scripts/../dataset/spring-data-neo4j_bf5704c5f710656d30e93eae8b89ebedb1b920cc/spring-data-neo4j/src/test/java/org/springframework/data/neo4j/events/Neo4jModificationEventListener.java,org.springframework.data.neo4j.events.Neo4jModificationEventListener,getPreSaveEvent/0,preSaveEvent,1
/home/sandro/workspace/sandro/MLCQCodeSmellSamples/scripts/../dataset/spring-data-neo4j_bf5704c5f710656d30e93eae8b89ebedb1b920cc/spring-data-neo4j/src/test/java/org/springframework/data/neo4j/events/Neo4jModificationEventListener.java,org.springframework.data.neo4j.events.Neo4jModificationEventListener,receivedPostSaveEvent/0,postSaveEventCount,1
/home/sandro/workspace/sandro/MLCQCodeSmellSamples/scripts/../dataset/spring-data-neo4j_bf5704c5f710656d30e93eae8b89ebedb1b920cc/spring-data-neo4j/src/test/java/org/springframework/data/neo4j/events/Neo4jModificationEventListener.java,org.springframework.data.neo4j.events.Neo4jModificationEventListener,onPostDeleteEvent/1[org.springframework.data.neo4j.events.PostDeleteEvent],postDeleteEventCount,1
/home/sandro/workspace/sandro/MLCQCodeSmellSamples/scripts/../dataset/spring-data-neo4j_bf5704c5f710656d30e93eae8b89ebedb1b920cc/spring-data-neo4j/src/test/java/org/springframework/data/neo4j/events/Neo4jModificationEventListener.java,org.springframework.data.neo4j.events.Neo4jModificationEventListener,onPostDeleteEvent/1[org.springframework.data.neo4j.events.PostDeleteEvent],postDeleteEvent,1
/home/sandro/workspace/sandro/MLCQCodeSmellSamples/scripts/../dataset/spring-data-neo4j_bf5704c5f710656d30e93eae8b89ebedb1b920cc/spring-data-neo4j/src/test/java/org/springframework/data/neo4j/events/Neo4jModificationEventListener.java,org.springframework.data.neo4j.events.Neo4jModificationEventListener,getPreDeleteEvent/0,preDeleteEvent,1
/home/sandro/workspace/sandro/MLCQCodeSmellSamples/scripts/../dataset/spring-data-neo4j_bf5704c5f710656d30e93eae8b89ebedb1b920cc/spring-data-neo4j/src/test/java/org/springframework/data/neo4j/events/Neo4jModificationEventListener.java,org.springframework.data.neo4j.events.Neo4jModificationEventListener,receivedPreSaveEvent/0,preSaveEventCount,1
/home/sandro/workspace/sandro/MLCQCodeSmellSamples/scripts/../dataset/spring-data-neo4j_bf5704c5f710656d30e93eae8b89ebedb1b920cc/spring-data-neo4j/src/test/java/org/springframework/data/neo4j/events/Neo4jModificationEventListener.java,org.springframework.data.neo4j.events.Neo4jModificationEventListener,receivedPreDeleteEvent/0,preDeleteEventCount,1
/home/sandro/workspace/sandro/MLCQCodeSmellSamples/scripts/../dataset/spring-data-neo4j_bf5704c5f710656d30e93eae8b89ebedb1b920cc/spring-data-neo4j/src/test/java/org/springframework/data/neo4j/events/Neo4jModificationEventListener.java,org.springframework.data.neo4j.events.Neo4jModificationEventListener,onPostSaveEvent/1[org.springframework.data.neo4j.events.PostSaveEvent],postSaveEvent,1
/home/sandro/workspace/sandro/MLCQCodeSmellSamples/scripts/../dataset/spring-data-neo4j_bf5704c5f710656d30e93eae8b89ebedb1b920cc/spring-data-neo4j/src/test/java/org/springframework/data/neo4j/events/Neo4jModificationEventListener.java,org.springframework.data.neo4j.events.Neo4jModificationEventListener,onPostSaveEvent/1[org.springframework.data.neo4j.events.PostSaveEvent],postSaveEventCount,1
/home/sandro/workspace/sandro/MLCQCodeSmellSamples/scripts/../dataset/spring-data-neo4j_bf5704c5f710656d30e93eae8b89ebedb1b920cc/spring-data-neo4j/src/test/java/org/springframework/data/neo4j/events/Neo4jModificationEventListener.java,org.springframework.data.neo4j.events.Neo4jModificationEventListener,receivedPostDeleteEvent/0,postDeleteEventCount,1
/home/sandro/workspace/sandro/MLCQCodeSmellSamples/scripts/../dataset/spring-data-neo4j_bf5704c5f710656d30e93eae8b89ebedb1b920cc/spring-data-neo4j/src/test/java/org/springframework/data/neo4j/events/Neo4jModificationEventListener.java,org.springframework.data.neo4j.events.Neo4jModificationEventListener,getPostDeleteEvent/0,postDeleteEvent,1
/home/sandro/workspace/sandro/MLCQCodeSmellSamples/scripts/../dataset/spring-data-neo4j_bf5704c5f710656d30e93eae8b89ebedb1b920cc/spring-data-neo4j/src/test/java/org/springframework/data/neo4j/events/Neo4jModificationEventListener.java,org.springframework.data.neo4j.events.Neo4jModificationEventListener,onPreSaveEvent/1[org.springframework.data.neo4j.events.PreSaveEvent],preSaveEventCount,1
/home/sandro/workspace/sandro/MLCQCodeSmellSamples/scripts/../dataset/spring-data-neo4j_bf5704c5f710656d30e93eae8b89ebedb1b920cc/spring-data-neo4j/src/test/java/org/springframework/data/neo4j/events/Neo4jModificationEventListener.java,org.springframework.data.neo4j.events.Neo4jModificationEventListener,onPreSaveEvent/1[org.springframework.data.neo4j.events.PreSaveEvent],preSaveEvent,1
/home/sandro/workspace/sandro/MLCQCodeSmellSamples/scripts/../dataset/spring-data-neo4j_bf5704c5f710656d30e93eae8b89ebedb1b920cc/spring-data-neo4j/src/test/java/org/springframework/data/neo4j/events/Neo4jModificationEventListener.java,org.springframework.data.neo4j.events.Neo4jModificationEventListener,getPostSaveEvent/0,postSaveEvent,1
/home/sandro/workspace/sandro/MLCQCodeSmellSamples/scripts/../dataset/spring-data-neo4j_bf5704c5f710656d30e93eae8b89ebedb1b920cc/spring-data-neo4j/src/main/java/org/springframework/data/neo4j/transaction/Neo4jTransactionManager.java,org.springframework.data.neo4j.transaction.Neo4jTransactionManager$Neo4jTransactionObject,getSessionHolder/0,sessionHolder,1
/home/sandro/workspace/sandro/MLCQCodeSmellSamples/scripts/../dataset/spring-data-neo4j_bf5704c5f710656d30e93eae8b89ebedb1b920cc/spring-data-neo4j/src/main/java/org/springframework/data/neo4j/transaction/Neo4jTransactionManager.java,org.springframework.data.neo4j.transaction.Neo4jTransactionManager$Neo4jTransactionObject,setTransactionData/1[org.springframework.data.neo4j.transaction.Transaction],transactionData,1
/home/sandro/workspace/sandro/MLCQCodeSmellSamples/scripts/../dataset/spring-data-neo4j_bf5704c5f710656d30e93eae8b89ebedb1b920cc/spring-data-neo4j/src/main/java/org/springframework/data/neo4j/transaction/Neo4jTransactionManager.java,org.springframework.data.neo4j.transaction.Neo4jTransactionManager$Neo4jTransactionObject,setTransactionData/1[org.springframework.data.neo4j.transaction.Transaction],sessionHolder,1
/home/sandro/workspace/sandro/MLCQCodeSmellSamples/scripts/../dataset/spring-data-neo4j_bf5704c5f710656d30e93eae8b89ebedb1b920cc/spring-data-neo4j/src/main/java/org/springframework/data/neo4j/transaction/Neo4jTransactionManager.java,org.springframework.data.neo4j.transaction.Neo4jTransactionManager$Neo4jTransactionObject,"setSessionHolder/2[org.springframework.data.neo4j.transaction.SessionHolder,boolean]",sessionHolder,3
/home/sandro/workspace/sandro/MLCQCodeSmellSamples/scripts/../dataset/spring-data-neo4j_bf5704c5f710656d30e93eae8b89ebedb1b920cc/spring-data-neo4j/src/main/java/org/springframework/data/neo4j/transaction/Neo4jTransactionManager.java,org.springframework.data.neo4j.transaction.Neo4jTransactionManager$Neo4jTransactionObject,"setSessionHolder/2[org.springframework.data.neo4j.transaction.SessionHolder,boolean]",newSessionHolder,3
/home/sandro/workspace/sandro/MLCQCodeSmellSamples/scripts/../dataset/spring-data-neo4j_bf5704c5f710656d30e93eae8b89ebedb1b920cc/spring-data-neo4j/src/main/java/org/springframework/data/neo4j/transaction/Neo4jTransactionManager.java,org.springframework.data.neo4j.transaction.Neo4jTransactionManager$Neo4jTransactionObject,getTransactionData/0,transactionData,1
/home/sandro/workspace/sandro/MLCQCodeSmellSamples/scripts/../dataset/spring-data-neo4j_bf5704c5f710656d30e93eae8b89ebedb1b920cc/spring-data-neo4j/src/main/java/org/springframework/data/neo4j/transaction/Neo4jTransactionManager.java,org.springframework.data.neo4j.transaction.Neo4jTransactionManager$Neo4jTransactionObject,isNewSessionHolder/0,newSessionHolder,1
/home/sandro/workspace/sandro/MLCQCodeSmellSamples/scripts/../dataset/spring-data-neo4j_bf5704c5f710656d30e93eae8b89ebedb1b920cc/spring-data-neo4j/src/main/java/org/springframework/data/neo4j/transaction/Neo4jTransactionManager.java,org.springframework.data.neo4j.transaction.Neo4jTransactionManager$Neo4jTransactionObject,hasTransaction/0,sessionHolder,2
/home/sandro/workspace/sandro/MLCQCodeSmellSamples/scripts/../dataset/spring-data-neo4j_bf5704c5f710656d30e93eae8b89ebedb1b920cc/spring-data-neo4j/src/test/java/org/springframework/data/neo4j/auditing/domain/User.java,org.springframework.data.neo4j.auditing.domain.User,User/1[java.lang.String],name,3
/home/sandro/workspace/sandro/MLCQCodeSmellSamples/scripts/../dataset/spring-data-neo4j_bf5704c5f710656d30e93eae8b89ebedb1b920cc/spring-data-neo4j/src/test/java/org/springframework/data/neo4j/auditing/domain/User.java,org.springframework.data.neo4j.auditing.domain.User,getCreatedBy/0,createdBy,1
/home/sandro/workspace/sandro/MLCQCodeSmellSamples/scripts/../dataset/spring-data-neo4j_bf5704c5f710656d30e93eae8b89ebedb1b920cc/spring-data-neo4j/src/test/java/org/springframework/data/neo4j/auditing/domain/User.java,org.springframework.data.neo4j.auditing.domain.User,setName/1[java.lang.String],name,3
/home/sandro/workspace/sandro/MLCQCodeSmellSamples/scripts/../dataset/spring-data-neo4j_bf5704c5f710656d30e93eae8b89ebedb1b920cc/spring-data-neo4j/src/test/java/org/springframework/data/neo4j/auditing/domain/User.java,org.springframework.data.neo4j.auditing.domain.User,setCreated/1[java.time.LocalDateTime],created,3
/home/sandro/workspace/sandro/MLCQCodeSmellSamples/scripts/../dataset/spring-data-neo4j_bf5704c5f710656d30e93eae8b89ebedb1b920cc/spring-data-neo4j/src/test/java/org/springframework/data/neo4j/auditing/domain/User.java,org.springframework.data.neo4j.auditing.domain.User,setId/1[java.lang.Long],id,3
/home/sandro/workspace/sandro/MLCQCodeSmellSamples/scripts/../dataset/spring-data-neo4j_bf5704c5f710656d30e93eae8b89ebedb1b920cc/spring-data-neo4j/src/test/java/org/springframework/data/neo4j/auditing/domain/User.java,org.springframework.data.neo4j.auditing.domain.User,setModifiedBy/1[java.lang.String],modifiedBy,3
/home/sandro/workspace/sandro/MLCQCodeSmellSamples/scripts/../dataset/spring-data-neo4j_bf5704c5f710656d30e93eae8b89ebedb1b920cc/spring-data-neo4j/src/test/java/org/springframework/data/neo4j/auditing/domain/User.java,org.springframework.data.neo4j.auditing.domain.User,setModified/1[java.time.LocalDateTime],modified,3
/home/sandro/workspace/sandro/MLCQCodeSmellSamples/scripts/../dataset/spring-data-neo4j_bf5704c5f710656d30e93eae8b89ebedb1b920cc/spring-data-neo4j/src/test/java/org/springframework/data/neo4j/auditing/domain/User.java,org.springframework.data.neo4j.auditing.domain.User,getId/0,id,1
/home/sandro/workspace/sandro/MLCQCodeSmellSamples/scripts/../dataset/spring-data-neo4j_bf5704c5f710656d30e93eae8b89ebedb1b920cc/spring-data-neo4j/src/test/java/org/springframework/data/neo4j/auditing/domain/User.java,org.springframework.data.neo4j.auditing.domain.User,getCreated/0,created,1
/home/sandro/workspace/sandro/MLCQCodeSmellSamples/scripts/../dataset/spring-data-neo4j_bf5704c5f710656d30e93eae8b89ebedb1b920cc/spring-data-neo4j/src/test/java/org/springframework/data/neo4j/auditing/domain/User.java,org.springframework.data.neo4j.auditing.domain.User,getName/0,name,1
/home/sandro/workspace/sandro/MLCQCodeSmellSamples/scripts/../dataset/spring-data-neo4j_bf5704c5f710656d30e93eae8b89ebedb1b920cc/spring-data-neo4j/src/test/java/org/springframework/data/neo4j/auditing/domain/User.java,org.springframework.data.neo4j.auditing.domain.User,getModified/0,modified,1
/home/sandro/workspace/sandro/MLCQCodeSmellSamples/scripts/../dataset/spring-data-neo4j_bf5704c5f710656d30e93eae8b89ebedb1b920cc/spring-data-neo4j/src/test/java/org/springframework/data/neo4j/auditing/domain/User.java,org.springframework.data.neo4j.auditing.domain.User,getModifiedBy/0,modifiedBy,1
/home/sandro/workspace/sandro/MLCQCodeSmellSamples/scripts/../dataset/spring-data-neo4j_bf5704c5f710656d30e93eae8b89ebedb1b920cc/spring-data-neo4j/src/test/java/org/springframework/data/neo4j/auditing/domain/User.java,org.springframework.data.neo4j.auditing.domain.User,setCreatedBy/1[java.lang.String],createdBy,3
/home/sandro/workspace/sandro/MLCQCodeSmellSamples/scripts/../dataset/spring-data-neo4j_bf5704c5f710656d30e93eae8b89ebedb1b920cc/spring-data-neo4j/src/test/java/org/springframework/data/neo4j/examples/movies/MoviesIntegrationTests.java,org.springframework.data.neo4j.examples.movies.MoviesIntegrationTests,findNoUserByNotContainingEmailAddresses/0,userRepository,1
/home/sandro/workspace/sandro/MLCQCodeSmellSamples/scripts/../dataset/spring-data-neo4j_bf5704c5f710656d30e93eae8b89ebedb1b920cc/spring-data-neo4j/src/test/java/org/springframework/data/neo4j/examples/movies/MoviesIntegrationTests.java,org.springframework.data.neo4j.examples.movies.MoviesIntegrationTests,findNoUserByNotContainingEmailAddresses/0,KNOWN_MAIL_ADDRESS_1,1
/home/sandro/workspace/sandro/MLCQCodeSmellSamples/scripts/../dataset/spring-data-neo4j_bf5704c5f710656d30e93eae8b89ebedb1b920cc/spring-data-neo4j/src/test/java/org/springframework/data/neo4j/examples/movies/MoviesIntegrationTests.java,org.springframework.data.neo4j.examples.movies.MoviesIntegrationTests,shouldSaveUser/0,graphDatabaseService,1
/home/sandro/workspace/sandro/MLCQCodeSmellSamples/scripts/../dataset/spring-data-neo4j_bf5704c5f710656d30e93eae8b89ebedb1b920cc/spring-data-neo4j/src/test/java/org/springframework/data/neo4j/examples/movies/MoviesIntegrationTests.java,org.springframework.data.neo4j.examples.movies.MoviesIntegrationTests,shouldSaveUser/0,userRepository,1
/home/sandro/workspace/sandro/MLCQCodeSmellSamples/scripts/../dataset/spring-data-neo4j_bf5704c5f710656d30e93eae8b89ebedb1b920cc/spring-data-neo4j/src/test/java/org/springframework/data/neo4j/examples/movies/MoviesIntegrationTests.java,org.springframework.data.neo4j.examples.movies.MoviesIntegrationTests,shouldHandleMultipleConcurrentRequests/0,userRepository,2
/home/sandro/workspace/sandro/MLCQCodeSmellSamples/scripts/../dataset/spring-data-neo4j_bf5704c5f710656d30e93eae8b89ebedb1b920cc/spring-data-neo4j/src/test/java/org/springframework/data/neo4j/examples/movies/MoviesIntegrationTests.java,org.springframework.data.neo4j.examples.movies.MoviesIntegrationTests,shouldRemoveGenreFromUser/0,transactionTemplate,1
/home/sandro/workspace/sandro/MLCQCodeSmellSamples/scripts/../dataset/spring-data-neo4j_bf5704c5f710656d30e93eae8b89ebedb1b920cc/spring-data-neo4j/src/test/java/org/springframework/data/neo4j/examples/movies/MoviesIntegrationTests.java,org.springframework.data.neo4j.examples.movies.MoviesIntegrationTests,shouldRemoveGenreFromUser/0,graphDatabaseService,1
/home/sandro/workspace/sandro/MLCQCodeSmellSamples/scripts/../dataset/spring-data-neo4j_bf5704c5f710656d30e93eae8b89ebedb1b920cc/spring-data-neo4j/src/test/java/org/springframework/data/neo4j/examples/movies/MoviesIntegrationTests.java,org.springframework.data.neo4j.examples.movies.MoviesIntegrationTests,shouldAddNewVisitorToCinema/0,cinemaRepository,1
/home/sandro/workspace/sandro/MLCQCodeSmellSamples/scripts/../dataset/spring-data-neo4j_bf5704c5f710656d30e93eae8b89ebedb1b920cc/spring-data-neo4j/src/test/java/org/springframework/data/neo4j/examples/movies/MoviesIntegrationTests.java,org.springframework.data.neo4j.examples.movies.MoviesIntegrationTests,shouldAddNewVisitorToCinema/0,graphDatabaseService,1
/home/sandro/workspace/sandro/MLCQCodeSmellSamples/scripts/../dataset/spring-data-neo4j_bf5704c5f710656d30e93eae8b89ebedb1b920cc/spring-data-neo4j/src/test/java/org/springframework/data/neo4j/examples/movies/MoviesIntegrationTests.java,org.springframework.data.neo4j.examples.movies.MoviesIntegrationTests,shouldSaveReleasedMovie2/0,abstractAnnotatedEntityRepository,1
/home/sandro/workspace/sandro/MLCQCodeSmellSamples/scripts/../dataset/spring-data-neo4j_bf5704c5f710656d30e93eae8b89ebedb1b920cc/spring-data-neo4j/src/test/java/org/springframework/data/neo4j/examples/movies/MoviesIntegrationTests.java,org.springframework.data.neo4j.examples.movies.MoviesIntegrationTests,shouldSaveReleasedMovie2/0,graphDatabaseService,1
/home/sandro/workspace/sandro/MLCQCodeSmellSamples/scripts/../dataset/spring-data-neo4j_bf5704c5f710656d30e93eae8b89ebedb1b920cc/spring-data-neo4j/src/test/java/org/springframework/data/neo4j/examples/movies/MoviesIntegrationTests.java,org.springframework.data.neo4j.examples.movies.MoviesIntegrationTests,shouldSaveNewUserRatingsForAnExistingMovie/0,transactionTemplate,1
/home/sandro/workspace/sandro/MLCQCodeSmellSamples/scripts/../dataset/spring-data-neo4j_bf5704c5f710656d30e93eae8b89ebedb1b920cc/spring-data-neo4j/src/test/java/org/springframework/data/neo4j/examples/movies/MoviesIntegrationTests.java,org.springframework.data.neo4j.examples.movies.MoviesIntegrationTests,createUserForContainsTest/0,KNOWN_MAIL_ADDRESS_2,1
/home/sandro/workspace/sandro/MLCQCodeSmellSamples/scripts/../dataset/spring-data-neo4j_bf5704c5f710656d30e93eae8b89ebedb1b920cc/spring-data-neo4j/src/test/java/org/springframework/data/neo4j/examples/movies/MoviesIntegrationTests.java,org.springframework.data.neo4j.examples.movies.MoviesIntegrationTests,createUserForContainsTest/0,userRepository,1
/home/sandro/workspace/sandro/MLCQCodeSmellSamples/scripts/../dataset/spring-data-neo4j_bf5704c5f710656d30e93eae8b89ebedb1b920cc/spring-data-neo4j/src/test/java/org/springframework/data/neo4j/examples/movies/MoviesIntegrationTests.java,org.springframework.data.neo4j.examples.movies.MoviesIntegrationTests,createUserForContainsTest/0,KNOWN_MAIL_ADDRESS_1,1
/home/sandro/workspace/sandro/MLCQCodeSmellSamples/scripts/../dataset/spring-data-neo4j_bf5704c5f710656d30e93eae8b89ebedb1b920cc/spring-data-neo4j/src/test/java/org/springframework/data/neo4j/examples/movies/MoviesIntegrationTests.java,org.springframework.data.neo4j.examples.movies.MoviesIntegrationTests,shouldSaveUserAndNewGenre/0,graphDatabaseService,1
/home/sandro/workspace/sandro/MLCQCodeSmellSamples/scripts/../dataset/spring-data-neo4j_bf5704c5f710656d30e93eae8b89ebedb1b920cc/spring-data-neo4j/src/test/java/org/springframework/data/neo4j/examples/movies/MoviesIntegrationTests.java,org.springframework.data.neo4j.examples.movies.MoviesIntegrationTests,shouldSaveUserAndNewGenre/0,userRepository,1
/home/sandro/workspace/sandro/MLCQCodeSmellSamples/scripts/../dataset/spring-data-neo4j_bf5704c5f710656d30e93eae8b89ebedb1b920cc/spring-data-neo4j/src/test/java/org/springframework/data/neo4j/examples/movies/MoviesIntegrationTests.java,org.springframework.data.neo4j.examples.movies.MoviesIntegrationTests,shouldInterceptOGMExceptions/0,ratingRepository,1
/home/sandro/workspace/sandro/MLCQCodeSmellSamples/scripts/../dataset/spring-data-neo4j_bf5704c5f710656d30e93eae8b89ebedb1b920cc/spring-data-neo4j/src/test/java/org/springframework/data/neo4j/examples/movies/MoviesIntegrationTests.java,org.springframework.data.neo4j.examples.movies.MoviesIntegrationTests,shouldAddExistingVisitorToCinema/0,transactionTemplate,1
/home/sandro/workspace/sandro/MLCQCodeSmellSamples/scripts/../dataset/spring-data-neo4j_bf5704c5f710656d30e93eae8b89ebedb1b920cc/spring-data-neo4j/src/test/java/org/springframework/data/neo4j/examples/movies/MoviesIntegrationTests.java,org.springframework.data.neo4j.examples.movies.MoviesIntegrationTests,shouldAddExistingVisitorToCinema/0,graphDatabaseService,1
/home/sandro/workspace/sandro/MLCQCodeSmellSamples/scripts/../dataset/spring-data-neo4j_bf5704c5f710656d30e93eae8b89ebedb1b920cc/spring-data-neo4j/src/test/java/org/springframework/data/neo4j/examples/movies/MoviesIntegrationTests.java,org.springframework.data.neo4j.examples.movies.MoviesIntegrationTests,shouldUpdateUserUsingRepository/0,transactionTemplate,1
/home/sandro/workspace/sandro/MLCQCodeSmellSamples/scripts/../dataset/spring-data-neo4j_bf5704c5f710656d30e93eae8b89ebedb1b920cc/spring-data-neo4j/src/test/java/org/springframework/data/neo4j/examples/movies/MoviesIntegrationTests.java,org.springframework.data.neo4j.examples.movies.MoviesIntegrationTests,shouldUpdateUserUsingRepository/0,graphDatabaseService,1
/home/sandro/workspace/sandro/MLCQCodeSmellSamples/scripts/../dataset/spring-data-neo4j_bf5704c5f710656d30e93eae8b89ebedb1b920cc/spring-data-neo4j/src/test/java/org/springframework/data/neo4j/examples/movies/MoviesIntegrationTests.java,org.springframework.data.neo4j.examples.movies.MoviesIntegrationTests,shouldUpdateUserUsingTransactionalService/0,graphDatabaseService,1
/home/sandro/workspace/sandro/MLCQCodeSmellSamples/scripts/../dataset/spring-data-neo4j_bf5704c5f710656d30e93eae8b89ebedb1b920cc/spring-data-neo4j/src/test/java/org/springframework/data/neo4j/examples/movies/MoviesIntegrationTests.java,org.springframework.data.neo4j.examples.movies.MoviesIntegrationTests,shouldUpdateUserUsingTransactionalService/0,userRepository,1
/home/sandro/workspace/sandro/MLCQCodeSmellSamples/scripts/../dataset/spring-data-neo4j_bf5704c5f710656d30e93eae8b89ebedb1b920cc/spring-data-neo4j/src/test/java/org/springframework/data/neo4j/examples/movies/MoviesIntegrationTests.java,org.springframework.data.neo4j.examples.movies.MoviesIntegrationTests,shouldUpdateUserUsingTransactionalService/0,userService,1
/home/sandro/workspace/sandro/MLCQCodeSmellSamples/scripts/../dataset/spring-data-neo4j_bf5704c5f710656d30e93eae8b89ebedb1b920cc/spring-data-neo4j/src/test/java/org/springframework/data/neo4j/examples/movies/MoviesIntegrationTests.java,org.springframework.data.neo4j.examples.movies.MoviesIntegrationTests,shouldFindUserWithoutName/0,userRepository,2
/home/sandro/workspace/sandro/MLCQCodeSmellSamples/scripts/../dataset/spring-data-neo4j_bf5704c5f710656d30e93eae8b89ebedb1b920cc/spring-data-neo4j/src/test/java/org/springframework/data/neo4j/examples/movies/MoviesIntegrationTests.java,org.springframework.data.neo4j.examples.movies.MoviesIntegrationTests,findUserByNotContainingEmailAddresses/0,UNKNOWN_MAIL_ADDRESS,1
/home/sandro/workspace/sandro/MLCQCodeSmellSamples/scripts/../dataset/spring-data-neo4j_bf5704c5f710656d30e93eae8b89ebedb1b920cc/spring-data-neo4j/src/test/java/org/springframework/data/neo4j/examples/movies/MoviesIntegrationTests.java,org.springframework.data.neo4j.examples.movies.MoviesIntegrationTests,findUserByNotContainingEmailAddresses/0,userRepository,1
/home/sandro/workspace/sandro/MLCQCodeSmellSamples/scripts/../dataset/spring-data-neo4j_bf5704c5f710656d30e93eae8b89ebedb1b920cc/spring-data-neo4j/src/test/java/org/springframework/data/neo4j/examples/movies/MoviesIntegrationTests.java,org.springframework.data.neo4j.examples.movies.MoviesIntegrationTests,shouldSaveMovie/0,abstractEntityRepository,1
/home/sandro/workspace/sandro/MLCQCodeSmellSamples/scripts/../dataset/spring-data-neo4j_bf5704c5f710656d30e93eae8b89ebedb1b920cc/spring-data-neo4j/src/test/java/org/springframework/data/neo4j/examples/movies/MoviesIntegrationTests.java,org.springframework.data.neo4j.examples.movies.MoviesIntegrationTests,shouldSaveMovie/0,graphDatabaseService,1
/home/sandro/workspace/sandro/MLCQCodeSmellSamples/scripts/../dataset/spring-data-neo4j_bf5704c5f710656d30e93eae8b89ebedb1b920cc/spring-data-neo4j/src/test/java/org/springframework/data/neo4j/examples/movies/MoviesIntegrationTests.java,org.springframework.data.neo4j.examples.movies.MoviesIntegrationTests,findNoUserByContainingEmailAddresses/0,UNKNOWN_MAIL_ADDRESS,1
/home/sandro/workspace/sandro/MLCQCodeSmellSamples/scripts/../dataset/spring-data-neo4j_bf5704c5f710656d30e93eae8b89ebedb1b920cc/spring-data-neo4j/src/test/java/org/springframework/data/neo4j/examples/movies/MoviesIntegrationTests.java,org.springframework.data.neo4j.examples.movies.MoviesIntegrationTests,findNoUserByContainingEmailAddresses/0,userRepository,1
/home/sandro/workspace/sandro/MLCQCodeSmellSamples/scripts/../dataset/spring-data-neo4j_bf5704c5f710656d30e93eae8b89ebedb1b920cc/spring-data-neo4j/src/test/java/org/springframework/data/neo4j/examples/movies/MoviesIntegrationTests.java,org.springframework.data.neo4j.examples.movies.MoviesIntegrationTests,shouldRemoveGenreFromUserUsingService/0,transactionTemplate,1
/home/sandro/workspace/sandro/MLCQCodeSmellSamples/scripts/../dataset/spring-data-neo4j_bf5704c5f710656d30e93eae8b89ebedb1b920cc/spring-data-neo4j/src/test/java/org/springframework/data/neo4j/examples/movies/MoviesIntegrationTests.java,org.springframework.data.neo4j.examples.movies.MoviesIntegrationTests,shouldRemoveGenreFromUserUsingService/0,graphDatabaseService,1
/home/sandro/workspace/sandro/MLCQCodeSmellSamples/scripts/../dataset/spring-data-neo4j_bf5704c5f710656d30e93eae8b89ebedb1b920cc/spring-data-neo4j/src/test/java/org/springframework/data/neo4j/examples/movies/MoviesIntegrationTests.java,org.springframework.data.neo4j.examples.movies.MoviesIntegrationTests,shouldSaveAndReturnManyEntities/0,userRepository,1
/home/sandro/workspace/sandro/MLCQCodeSmellSamples/scripts/../dataset/spring-data-neo4j_bf5704c5f710656d30e93eae8b89ebedb1b920cc/spring-data-neo4j/src/test/java/org/springframework/data/neo4j/examples/movies/MoviesIntegrationTests.java,org.springframework.data.neo4j.examples.movies.MoviesIntegrationTests,shouldSaveUserAndNewGenre2/0,graphDatabaseService,1
/home/sandro/workspace/sandro/MLCQCodeSmellSamples/scripts/../dataset/spring-data-neo4j_bf5704c5f710656d30e93eae8b89ebedb1b920cc/spring-data-neo4j/src/test/java/org/springframework/data/neo4j/examples/movies/MoviesIntegrationTests.java,org.springframework.data.neo4j.examples.movies.MoviesIntegrationTests,shouldSaveUserAndNewGenre2/0,userRepository,1
/home/sandro/workspace/sandro/MLCQCodeSmellSamples/scripts/../dataset/spring-data-neo4j_bf5704c5f710656d30e93eae8b89ebedb1b920cc/spring-data-neo4j/src/test/java/org/springframework/data/neo4j/examples/movies/MoviesIntegrationTests.java,org.springframework.data.neo4j.examples.movies.MoviesIntegrationTests,shouldSaveUserAndExistingGenre/0,transactionTemplate,1
/home/sandro/workspace/sandro/MLCQCodeSmellSamples/scripts/../dataset/spring-data-neo4j_bf5704c5f710656d30e93eae8b89ebedb1b920cc/spring-data-neo4j/src/test/java/org/springframework/data/neo4j/examples/movies/MoviesIntegrationTests.java,org.springframework.data.neo4j.examples.movies.MoviesIntegrationTests,shouldSaveUserAndExistingGenre/0,graphDatabaseService,1
/home/sandro/workspace/sandro/MLCQCodeSmellSamples/scripts/../dataset/spring-data-neo4j_bf5704c5f710656d30e93eae8b89ebedb1b920cc/spring-data-neo4j/src/test/java/org/springframework/data/neo4j/examples/movies/MoviesIntegrationTests.java,org.springframework.data.neo4j.examples.movies.MoviesIntegrationTests,shouldFindUser/0,transactionTemplate,1
/home/sandro/workspace/sandro/MLCQCodeSmellSamples/scripts/../dataset/spring-data-neo4j_bf5704c5f710656d30e93eae8b89ebedb1b920cc/spring-data-neo4j/src/test/java/org/springframework/data/neo4j/examples/movies/MoviesIntegrationTests.java,org.springframework.data.neo4j.examples.movies.MoviesIntegrationTests,shouldSaveUserButNotGenre/0,graphDatabaseService,1
/home/sandro/workspace/sandro/MLCQCodeSmellSamples/scripts/../dataset/spring-data-neo4j_bf5704c5f710656d30e93eae8b89ebedb1b920cc/spring-data-neo4j/src/test/java/org/springframework/data/neo4j/examples/movies/MoviesIntegrationTests.java,org.springframework.data.neo4j.examples.movies.MoviesIntegrationTests,shouldSaveUserButNotGenre/0,userRepository,1
/home/sandro/workspace/sandro/MLCQCodeSmellSamples/scripts/../dataset/spring-data-neo4j_bf5704c5f710656d30e93eae8b89ebedb1b920cc/spring-data-neo4j/src/test/java/org/springframework/data/neo4j/examples/movies/MoviesIntegrationTests.java,org.springframework.data.neo4j.examples.movies.MoviesIntegrationTests,shouldSaveNewUserAndNewMovieWithRatings/0,graphDatabaseService,1
/home/sandro/workspace/sandro/MLCQCodeSmellSamples/scripts/../dataset/spring-data-neo4j_bf5704c5f710656d30e93eae8b89ebedb1b920cc/spring-data-neo4j/src/test/java/org/springframework/data/neo4j/examples/movies/MoviesIntegrationTests.java,org.springframework.data.neo4j.examples.movies.MoviesIntegrationTests,shouldSaveNewUserAndNewMovieWithRatings/0,userRepository,1
/home/sandro/workspace/sandro/MLCQCodeSmellSamples/scripts/../dataset/spring-data-neo4j_bf5704c5f710656d30e93eae8b89ebedb1b920cc/spring-data-neo4j/src/test/java/org/springframework/data/neo4j/examples/movies/MoviesIntegrationTests.java,org.springframework.data.neo4j.examples.movies.MoviesIntegrationTests,findUserByContainingEmailAddresses/0,UNKNOWN_MAIL_ADDRESS,1
/home/sandro/workspace/sandro/MLCQCodeSmellSamples/scripts/../dataset/spring-data-neo4j_bf5704c5f710656d30e93eae8b89ebedb1b920cc/spring-data-neo4j/src/test/java/org/springframework/data/neo4j/examples/movies/MoviesIntegrationTests.java,org.springframework.data.neo4j.examples.movies.MoviesIntegrationTests,findUserByContainingEmailAddresses/0,userRepository,2
/home/sandro/workspace/sandro/MLCQCodeSmellSamples/scripts/../dataset/spring-data-neo4j_bf5704c5f710656d30e93eae8b89ebedb1b920cc/spring-data-neo4j/src/test/java/org/springframework/data/neo4j/examples/movies/MoviesIntegrationTests.java,org.springframework.data.neo4j.examples.movies.MoviesIntegrationTests,findUserByContainingEmailAddresses/0,KNOWN_MAIL_ADDRESS_2,1
/home/sandro/workspace/sandro/MLCQCodeSmellSamples/scripts/../dataset/spring-data-neo4j_bf5704c5f710656d30e93eae8b89ebedb1b920cc/spring-data-neo4j/src/test/java/org/springframework/data/neo4j/examples/movies/MoviesIntegrationTests.java,org.springframework.data.neo4j.examples.movies.MoviesIntegrationTests,findUserByContainingEmailAddresses/0,KNOWN_MAIL_ADDRESS_1,1
/home/sandro/workspace/sandro/MLCQCodeSmellSamples/scripts/../dataset/spring-data-neo4j_bf5704c5f710656d30e93eae8b89ebedb1b920cc/spring-data-neo4j/src/test/java/org/springframework/data/neo4j/examples/movies/MoviesIntegrationTests.java,org.springframework.data.neo4j.examples.movies.MoviesIntegrationTests,shouldSaveReleasedMovie/0,abstractAnnotatedEntityRepository,1
/home/sandro/workspace/sandro/MLCQCodeSmellSamples/scripts/../dataset/spring-data-neo4j_bf5704c5f710656d30e93eae8b89ebedb1b920cc/spring-data-neo4j/src/test/java/org/springframework/data/neo4j/examples/movies/MoviesIntegrationTests.java,org.springframework.data.neo4j.examples.movies.MoviesIntegrationTests,shouldSaveReleasedMovie/0,graphDatabaseService,1
/home/sandro/workspace/sandro/MLCQCodeSmellSamples/scripts/../dataset/spring-data-neo4j_bf5704c5f710656d30e93eae8b89ebedb1b920cc/spring-data-neo4j/src/test/java/org/springframework/data/neo4j/examples/movies/MoviesIntegrationTests.java,org.springframework.data.neo4j.examples.movies.MoviesIntegrationTests,shouldSaveUserWithoutName/0,graphDatabaseService,1
/home/sandro/workspace/sandro/MLCQCodeSmellSamples/scripts/../dataset/spring-data-neo4j_bf5704c5f710656d30e93eae8b89ebedb1b920cc/spring-data-neo4j/src/test/java/org/springframework/data/neo4j/examples/movies/MoviesIntegrationTests.java,org.springframework.data.neo4j.examples.movies.MoviesIntegrationTests,shouldSaveUserWithoutName/0,userRepository,1
/home/sandro/workspace/sandro/MLCQCodeSmellSamples/scripts/../dataset/spring-data-neo4j_bf5704c5f710656d30e93eae8b89ebedb1b920cc/spring-data-neo4j/src/test/java/org/springframework/data/neo4j/examples/movies/MoviesIntegrationTests.java,org.springframework.data.neo4j.examples.movies.MoviesIntegrationTests,shouldFindActorByNumericValueOfStringProperty/0,actorRepository,1
/home/sandro/workspace/sandro/MLCQCodeSmellSamples/scripts/../dataset/spring-data-neo4j_bf5704c5f710656d30e93eae8b89ebedb1b920cc/spring-data-neo4j/src/test/java/org/springframework/data/neo4j/examples/movies/MoviesIntegrationTests.java,org.springframework.data.neo4j.examples.movies.MoviesIntegrationTests,shouldSaveUserAndNewGenres/0,graphDatabaseService,1
/home/sandro/workspace/sandro/MLCQCodeSmellSamples/scripts/../dataset/spring-data-neo4j_bf5704c5f710656d30e93eae8b89ebedb1b920cc/spring-data-neo4j/src/test/java/org/springframework/data/neo4j/examples/movies/MoviesIntegrationTests.java,org.springframework.data.neo4j.examples.movies.MoviesIntegrationTests,shouldSaveUserAndNewGenres/0,userRepository,1
/home/sandro/workspace/sandro/MLCQCodeSmellSamples/scripts/../dataset/spring-data-neo4j_bf5704c5f710656d30e93eae8b89ebedb1b920cc/spring-data-neo4j/src/test/java/org/springframework/data/neo4j/examples/movies/MoviesIntegrationTests.java,org.springframework.data.neo4j.examples.movies.MoviesIntegrationTests,shouldUpdateGenreWhenSavedThroughUser/0,transactionTemplate,1
/home/sandro/workspace/sandro/MLCQCodeSmellSamples/scripts/../dataset/spring-data-neo4j_bf5704c5f710656d30e93eae8b89ebedb1b920cc/spring-data-neo4j/src/test/java/org/springframework/data/neo4j/examples/movies/MoviesIntegrationTests.java,org.springframework.data.neo4j.examples.movies.MoviesIntegrationTests,shouldUpdateGenreWhenSavedThroughUser/0,graphDatabaseService,1
/home/sandro/workspace/sandro/MLCQCodeSmellSamples/scripts/../dataset/spring-data-neo4j_bf5704c5f710656d30e93eae8b89ebedb1b920cc/spring-data-neo4j/src/test/java/org/springframework/data/neo4j/examples/movies/MoviesIntegrationTests.java,org.springframework.data.neo4j.examples.movies.MoviesIntegrationTests,"findByProperty/3[java.lang.Class,java.lang.String,java.lang.Object]",session,1
/home/sandro/workspace/sandro/MLCQCodeSmellSamples/scripts/../dataset/spring-data-neo4j_bf5704c5f710656d30e93eae8b89ebedb1b920cc/spring-data-neo4j/src/test/java/org/springframework/data/neo4j/examples/movies/MoviesIntegrationTests.java,org.springframework.data.neo4j.examples.movies.MoviesIntegrationTests,shouldBefriendPeople/0,transactionTemplate,1
/home/sandro/workspace/sandro/MLCQCodeSmellSamples/scripts/../dataset/spring-data-neo4j_bf5704c5f710656d30e93eae8b89ebedb1b920cc/spring-data-neo4j/src/test/java/org/springframework/data/neo4j/examples/movies/MoviesIntegrationTests.java,org.springframework.data.neo4j.examples.movies.MoviesIntegrationTests,shouldBefriendPeople/0,graphDatabaseService,2
/home/sandro/workspace/sandro/MLCQCodeSmellSamples/scripts/../dataset/spring-data-neo4j_bf5704c5f710656d30e93eae8b89ebedb1b920cc/spring-data-neo4j/src/test/java/org/springframework/data/neo4j/examples/movies/MoviesIntegrationTests.java,org.springframework.data.neo4j.examples.movies.MoviesIntegrationTests,shouldSaveUsers2/0,transactionTemplate,1
/home/sandro/workspace/sandro/MLCQCodeSmellSamples/scripts/../dataset/spring-data-neo4j_bf5704c5f710656d30e93eae8b89ebedb1b920cc/spring-data-neo4j/src/test/java/org/springframework/data/neo4j/examples/movies/MoviesIntegrationTests.java,org.springframework.data.neo4j.examples.movies.MoviesIntegrationTests,shouldSaveUsers2/0,graphDatabaseService,3
/home/sandro/workspace/sandro/MLCQCodeSmellSamples/scripts/../dataset/spring-data-neo4j_bf5704c5f710656d30e93eae8b89ebedb1b920cc/spring-data-neo4j/src/test/java/org/springframework/data/neo4j/examples/movies/MoviesIntegrationTests.java,org.springframework.data.neo4j.examples.movies.MoviesIntegrationTests,shouldLoadOutgoingFriendsWhenUndirected/0,graphDatabaseService,1
/home/sandro/workspace/sandro/MLCQCodeSmellSamples/scripts/../dataset/spring-data-neo4j_bf5704c5f710656d30e93eae8b89ebedb1b920cc/spring-data-neo4j/src/test/java/org/springframework/data/neo4j/examples/movies/MoviesIntegrationTests.java,org.springframework.data.neo4j.examples.movies.MoviesIntegrationTests,setUp/0,graphDatabaseService,1
/home/sandro/workspace/sandro/MLCQCodeSmellSamples/scripts/../dataset/spring-data-neo4j_bf5704c5f710656d30e93eae8b89ebedb1b920cc/spring-data-neo4j/src/test/java/org/springframework/data/neo4j/examples/movies/MoviesIntegrationTests.java,org.springframework.data.neo4j.examples.movies.MoviesIntegrationTests,shouldLoadIncomingFriendsWhenUndirected/0,graphDatabaseService,1
/home/sandro/workspace/sandro/MLCQCodeSmellSamples/scripts/../dataset/spring-data-neo4j_bf5704c5f710656d30e93eae8b89ebedb1b920cc/spring-data-neo4j/src/test/java/org/springframework/data/neo4j/examples/movies/MoviesIntegrationTests.java,org.springframework.data.neo4j.examples.movies.MoviesIntegrationTests,shouldDeleteUser/0,transactionTemplate,1
/home/sandro/workspace/sandro/MLCQCodeSmellSamples/scripts/../dataset/spring-data-neo4j_bf5704c5f710656d30e93eae8b89ebedb1b920cc/spring-data-neo4j/src/test/java/org/springframework/data/neo4j/examples/movies/MoviesIntegrationTests.java,org.springframework.data.neo4j.examples.movies.MoviesIntegrationTests,shouldDeleteUser/0,graphDatabaseService,1
/home/sandro/workspace/sandro/MLCQCodeSmellSamples/scripts/../dataset/spring-data-neo4j_bf5704c5f710656d30e93eae8b89ebedb1b920cc/spring-data-neo4j/src/test/java/org/springframework/data/neo4j/examples/movies/MoviesIntegrationTests.java,org.springframework.data.neo4j.examples.movies.MoviesIntegrationTests,findByIdShouldConsiderTheEntityType/0,transactionTemplate,1
/home/sandro/workspace/sandro/MLCQCodeSmellSamples/scripts/../dataset/spring-data-neo4j_bf5704c5f710656d30e93eae8b89ebedb1b920cc/spring-data-neo4j/src/test/java/org/springframework/data/neo4j/examples/movies/MoviesIntegrationTests.java,org.springframework.data.neo4j.examples.movies.MoviesIntegrationTests,shouldSaveUsers/0,transactionTemplate,1
/home/sandro/workspace/sandro/MLCQCodeSmellSamples/scripts/../dataset/spring-data-neo4j_bf5704c5f710656d30e93eae8b89ebedb1b920cc/spring-data-neo4j/src/test/java/org/springframework/data/neo4j/examples/movies/MoviesIntegrationTests.java,org.springframework.data.neo4j.examples.movies.MoviesIntegrationTests,shouldSaveUsers/0,graphDatabaseService,3
/home/sandro/workspace/sandro/MLCQCodeSmellSamples/scripts/../dataset/spring-data-neo4j_bf5704c5f710656d30e93eae8b89ebedb1b920cc/spring-data-neo4j/src/test/java/org/springframework/data/neo4j/queries/StoredProceduresTests.java,org.springframework.data.neo4j.queries.StoredProceduresTests$BatchAndTotalResult,BatchAndTotalResult/0,batches,1
/home/sandro/workspace/sandro/MLCQCodeSmellSamples/scripts/../dataset/spring-data-neo4j_bf5704c5f710656d30e93eae8b89ebedb1b920cc/spring-data-neo4j/src/test/java/org/springframework/data/neo4j/queries/StoredProceduresTests.java,org.springframework.data.neo4j.queries.StoredProceduresTests$BatchAndTotalResult,BatchAndTotalResult/0,timeTaken,1
/home/sandro/workspace/sandro/MLCQCodeSmellSamples/scripts/../dataset/spring-data-neo4j_bf5704c5f710656d30e93eae8b89ebedb1b920cc/spring-data-neo4j/src/test/java/org/springframework/data/neo4j/queries/StoredProceduresTests.java,org.springframework.data.neo4j.queries.StoredProceduresTests$BatchAndTotalResult,BatchAndTotalResult/0,total,1
/home/sandro/workspace/sandro/MLCQCodeSmellSamples/scripts/../dataset/spring-data-neo4j_bf5704c5f710656d30e93eae8b89ebedb1b920cc/spring-data-neo4j/src/test/java/org/springframework/data/neo4j/web/controller/UserController.java,org.springframework.data.neo4j.web.controller.UserController,"listImmediateFriends/2[java.util.UUID,org.springframework.data.neo4j.web.controller.HttpSession]",userService,1
/home/sandro/workspace/sandro/MLCQCodeSmellSamples/scripts/../dataset/spring-data-neo4j_bf5704c5f710656d30e93eae8b89ebedb1b920cc/spring-data-neo4j/src/test/java/org/springframework/data/neo4j/web/controller/UserController.java,org.springframework.data.neo4j.web.controller.UserController,"listFriends/2[java.util.UUID,org.springframework.data.neo4j.web.controller.HttpSession]",userService,2
/home/sandro/workspace/sandro/MLCQCodeSmellSamples/scripts/../dataset/spring-data-neo4j_bf5704c5f710656d30e93eae8b89ebedb1b920cc/spring-data-neo4j/src/test/java/org/springframework/data/neo4j/repository/config/Neo4jRepositoryConfigurationExtensionTests.java,org.springframework.data.neo4j.repository.config.Neo4jRepositoryConfigurationExtensionTests,shouldUseConfiguredSessionBeanName/0,CUSTOM_SESSION_BEAN_NAME,1
/home/sandro/workspace/sandro/MLCQCodeSmellSamples/scripts/../dataset/spring-data-neo4j_bf5704c5f710656d30e93eae8b89ebedb1b920cc/spring-data-neo4j/src/test/java/org/springframework/data/neo4j/repository/config/Neo4jRepositoryConfigurationExtensionTests.java,org.springframework.data.neo4j.repository.config.Neo4jRepositoryConfigurationExtensionTests,shouldRegisterSharedSessionUnderDefaultName/0,GENERATED_SESSION_BEAN_NAME,1
/home/sandro/workspace/sandro/MLCQCodeSmellSamples/scripts/../dataset/spring-data-neo4j_bf5704c5f710656d30e93eae8b89ebedb1b920cc/spring-data-neo4j/src/test/java/org/springframework/data/neo4j/repository/config/Neo4jRepositoryConfigurationExtensionTests.java,org.springframework.data.neo4j.repository.config.Neo4jRepositoryConfigurationExtensionTests,shouldUseConfiguredMappingContextBeanName/0,CUSTOM_MAPPING_CONTEXT_BEAN_NAME,1
/home/sandro/workspace/sandro/MLCQCodeSmellSamples/scripts/../dataset/spring-data-neo4j_bf5704c5f710656d30e93eae8b89ebedb1b920cc/spring-data-neo4j/src/test/java/org/springframework/data/neo4j/repository/config/Neo4jRepositoryConfigurationExtensionTests.java,org.springframework.data.neo4j.repository.config.Neo4jRepositoryConfigurationExtensionTests,sessionFactoryBeanNameDefaultsToSessionFactory/0,GENERATED_SESSION_BEAN_NAME,1
/home/sandro/workspace/sandro/MLCQCodeSmellSamples/scripts/../dataset/spring-data-neo4j_bf5704c5f710656d30e93eae8b89ebedb1b920cc/spring-data-neo4j/src/test/java/org/springframework/data/neo4j/repository/config/Neo4jRepositoryConfigurationExtensionTests.java,org.springframework.data.neo4j.repository.config.Neo4jRepositoryConfigurationExtensionTests,customSessionFactoryBeanNameWillGetUsed/0,CUSTOM_SESSION_FACTORY_BEAN_NAME,1
/home/sandro/workspace/sandro/MLCQCodeSmellSamples/scripts/../dataset/spring-data-neo4j_bf5704c5f710656d30e93eae8b89ebedb1b920cc/spring-data-neo4j/src/test/java/org/springframework/data/neo4j/repository/config/Neo4jRepositoryConfigurationExtensionTests.java,org.springframework.data.neo4j.repository.config.Neo4jRepositoryConfigurationExtensionTests,customSessionFactoryBeanNameWillGetUsed/0,GENERATED_SESSION_BEAN_NAME,1
/home/sandro/workspace/sandro/MLCQCodeSmellSamples/scripts/../dataset/spring-data-neo4j_bf5704c5f710656d30e93eae8b89ebedb1b920cc/spring-data-neo4j/src/test/java/org/springframework/data/neo4j/examples/galaxy/service/GalaxyService.java,org.springframework.data.neo4j.examples.galaxy.service.GalaxyService,"createWorld/2[java.lang.String,int]",worldRepository,1
/home/sandro/workspace/sandro/MLCQCodeSmellSamples/scripts/../dataset/spring-data-neo4j_bf5704c5f710656d30e93eae8b89ebedb1b920cc/spring-data-neo4j/src/test/java/org/springframework/data/neo4j/examples/galaxy/service/GalaxyService.java,org.springframework.data.neo4j.examples.galaxy.service.GalaxyService,findAllWorlds/1[org.springframework.data.neo4j.examples.galaxy.service.Pagination],session,1
/home/sandro/workspace/sandro/MLCQCodeSmellSamples/scripts/../dataset/spring-data-neo4j_bf5704c5f710656d30e93eae8b89ebedb1b920cc/spring-data-neo4j/src/test/java/org/springframework/data/neo4j/examples/galaxy/service/GalaxyService.java,org.springframework.data.neo4j.examples.galaxy.service.GalaxyService,create/1[org.springframework.data.neo4j.examples.galaxy.domain.World],worldRepository,1
/home/sandro/workspace/sandro/MLCQCodeSmellSamples/scripts/../dataset/spring-data-neo4j_bf5704c5f710656d30e93eae8b89ebedb1b920cc/spring-data-neo4j/src/test/java/org/springframework/data/neo4j/examples/galaxy/service/GalaxyService.java,org.springframework.data.neo4j.examples.galaxy.service.GalaxyService,findByName/1[java.lang.String],worldRepository,1
/home/sandro/workspace/sandro/MLCQCodeSmellSamples/scripts/../dataset/spring-data-neo4j_bf5704c5f710656d30e93eae8b89ebedb1b920cc/spring-data-neo4j/src/test/java/org/springframework/data/neo4j/examples/galaxy/service/GalaxyService.java,org.springframework.data.neo4j.examples.galaxy.service.GalaxyService,getNumberOfWorlds/0,worldRepository,1
/home/sandro/workspace/sandro/MLCQCodeSmellSamples/scripts/../dataset/spring-data-neo4j_bf5704c5f710656d30e93eae8b89ebedb1b920cc/spring-data-neo4j/src/test/java/org/springframework/data/neo4j/examples/galaxy/service/GalaxyService.java,org.springframework.data.neo4j.examples.galaxy.service.GalaxyService,"findByProperty/3[java.lang.String,java.lang.Object,int]",session,1
/home/sandro/workspace/sandro/MLCQCodeSmellSamples/scripts/../dataset/spring-data-neo4j_bf5704c5f710656d30e93eae8b89ebedb1b920cc/spring-data-neo4j/src/test/java/org/springframework/data/neo4j/examples/galaxy/service/GalaxyService.java,org.springframework.data.neo4j.examples.galaxy.service.GalaxyService,findAllWorlds/1[org.springframework.data.neo4j.examples.galaxy.service.Pageable],worldRepository,1
/home/sandro/workspace/sandro/MLCQCodeSmellSamples/scripts/../dataset/spring-data-neo4j_bf5704c5f710656d30e93eae8b89ebedb1b920cc/spring-data-neo4j/src/test/java/org/springframework/data/neo4j/examples/galaxy/service/GalaxyService.java,org.springframework.data.neo4j.examples.galaxy.service.GalaxyService,deleteAll/0,worldRepository,1
/home/sandro/workspace/sandro/MLCQCodeSmellSamples/scripts/../dataset/spring-data-neo4j_bf5704c5f710656d30e93eae8b89ebedb1b920cc/spring-data-neo4j/src/test/java/org/springframework/data/neo4j/examples/galaxy/service/GalaxyService.java,org.springframework.data.neo4j.examples.galaxy.service.GalaxyService,findAllWorlds/1[org.springframework.data.neo4j.examples.galaxy.service.Sort],worldRepository,1
/home/sandro/workspace/sandro/MLCQCodeSmellSamples/scripts/../dataset/spring-data-neo4j_bf5704c5f710656d30e93eae8b89ebedb1b920cc/spring-data-neo4j/src/test/java/org/springframework/data/neo4j/examples/galaxy/service/GalaxyService.java,org.springframework.data.neo4j.examples.galaxy.service.GalaxyService,"findAllWorlds/2[org.springframework.data.neo4j.examples.galaxy.service.Sort,int]",worldRepository,1
/home/sandro/workspace/sandro/MLCQCodeSmellSamples/scripts/../dataset/spring-data-neo4j_bf5704c5f710656d30e93eae8b89ebedb1b920cc/spring-data-neo4j/src/test/java/org/springframework/data/neo4j/examples/galaxy/service/GalaxyService.java,org.springframework.data.neo4j.examples.galaxy.service.GalaxyService,getAllWorlds/0,worldRepository,1
/home/sandro/workspace/sandro/MLCQCodeSmellSamples/scripts/../dataset/spring-data-neo4j_bf5704c5f710656d30e93eae8b89ebedb1b920cc/spring-data-neo4j/src/test/java/org/springframework/data/neo4j/examples/galaxy/service/GalaxyService.java,org.springframework.data.neo4j.examples.galaxy.service.GalaxyService,makeAllWorldsAtOnce/0,worldRepository,1
/home/sandro/workspace/sandro/MLCQCodeSmellSamples/scripts/../dataset/spring-data-neo4j_bf5704c5f710656d30e93eae8b89ebedb1b920cc/spring-data-neo4j/src/test/java/org/springframework/data/neo4j/examples/galaxy/service/GalaxyService.java,org.springframework.data.neo4j.examples.galaxy.service.GalaxyService,makeSomeWorlds/0,worldRepository,1
/home/sandro/workspace/sandro/MLCQCodeSmellSamples/scripts/../dataset/spring-data-neo4j_bf5704c5f710656d30e93eae8b89ebedb1b920cc/spring-data-neo4j/src/test/java/org/springframework/data/neo4j/examples/galaxy/service/GalaxyService.java,org.springframework.data.neo4j.examples.galaxy.service.GalaxyService,"findByProperty/2[java.lang.String,java.lang.Object]",session,1
/home/sandro/workspace/sandro/MLCQCodeSmellSamples/scripts/../dataset/spring-data-neo4j_bf5704c5f710656d30e93eae8b89ebedb1b920cc/spring-data-neo4j/src/test/java/org/springframework/data/neo4j/examples/galaxy/service/GalaxyService.java,org.springframework.data.neo4j.examples.galaxy.service.GalaxyService,findWorldById/1[java.lang.Long],worldRepository,1
/home/sandro/workspace/sandro/MLCQCodeSmellSamples/scripts/../dataset/spring-data-neo4j_bf5704c5f710656d30e93eae8b89ebedb1b920cc/spring-data-neo4j/src/main/java/org/springframework/data/neo4j/repository/query/TemplatedQueryCreator.java,org.springframework.data.neo4j.repository.query.TemplatedQueryCreator,"TemplatedQueryCreator/2[org.springframework.data.neo4j.repository.query.PartTree,java.lang.Class<?>]",entityType,3
/home/sandro/workspace/sandro/MLCQCodeSmellSamples/scripts/../dataset/spring-data-neo4j_bf5704c5f710656d30e93eae8b89ebedb1b920cc/spring-data-neo4j/src/main/java/org/springframework/data/neo4j/repository/query/TemplatedQueryCreator.java,org.springframework.data.neo4j.repository.query.TemplatedQueryCreator,"create/2[org.springframework.data.neo4j.repository.query.Part,java.util.Iterator<java.lang.Object>]",entityType,1
/home/sandro/workspace/sandro/MLCQCodeSmellSamples/scripts/../dataset/spring-data-neo4j_bf5704c5f710656d30e93eae8b89ebedb1b920cc/spring-data-neo4j/src/test/java/org/springframework/data/neo4j/integration/constructors/PersistenceConstructorsTests.java,org.springframework.data.neo4j.integration.constructors.PersistenceConstructorsTests,shouldUseAnnotatedPersistenceConstructor/0,papcRepository,2
/home/sandro/workspace/sandro/MLCQCodeSmellSamples/scripts/../dataset/spring-data-neo4j_bf5704c5f710656d30e93eae8b89ebedb1b920cc/spring-data-neo4j/src/test/java/org/springframework/data/neo4j/integration/constructors/PersistenceConstructorsTests.java,org.springframework.data.neo4j.integration.constructors.PersistenceConstructorsTests,shouldUseAnnotatedPersistenceConstructor/0,session,1
/home/sandro/workspace/sandro/MLCQCodeSmellSamples/scripts/../dataset/spring-data-neo4j_bf5704c5f710656d30e93eae8b89ebedb1b920cc/spring-data-neo4j/src/test/java/org/springframework/data/neo4j/integration/constructors/PersistenceConstructorsTests.java,org.springframework.data.neo4j.integration.constructors.PersistenceConstructorsTests,shouldSupportKotlinDataClasses/0,kotlinRepository,1
/home/sandro/workspace/sandro/MLCQCodeSmellSamples/scripts/../dataset/spring-data-neo4j_bf5704c5f710656d30e93eae8b89ebedb1b920cc/spring-data-neo4j/src/test/java/org/springframework/data/neo4j/integration/constructors/PersistenceConstructorsTests.java,org.springframework.data.neo4j.integration.constructors.PersistenceConstructorsTests,shouldSupportKotlinDataClasses/0,session,2
/home/sandro/workspace/sandro/MLCQCodeSmellSamples/scripts/../dataset/spring-data-neo4j_bf5704c5f710656d30e93eae8b89ebedb1b920cc/spring-data-neo4j/src/test/java/org/springframework/data/neo4j/integration/constructors/PersistenceConstructorsTests.java,org.springframework.data.neo4j.integration.constructors.PersistenceConstructorsTests,shouldThrowAnExplicitExceptionIfMultipleConstructors/0,pmcRepository,2
/home/sandro/workspace/sandro/MLCQCodeSmellSamples/scripts/../dataset/spring-data-neo4j_bf5704c5f710656d30e93eae8b89ebedb1b920cc/spring-data-neo4j/src/test/java/org/springframework/data/neo4j/integration/constructors/PersistenceConstructorsTests.java,org.springframework.data.neo4j.integration.constructors.PersistenceConstructorsTests,shouldThrowAnExplicitExceptionIfMultipleConstructors/0,session,1
/home/sandro/workspace/sandro/MLCQCodeSmellSamples/scripts/../dataset/spring-data-neo4j_bf5704c5f710656d30e93eae8b89ebedb1b920cc/spring-data-neo4j/src/test/java/org/springframework/data/neo4j/integration/constructors/PersistenceConstructorsTests.java,org.springframework.data.neo4j.integration.constructors.PersistenceConstructorsTests,shouldSupportQueryResults/0,session,1
/home/sandro/workspace/sandro/MLCQCodeSmellSamples/scripts/../dataset/spring-data-neo4j_bf5704c5f710656d30e93eae8b89ebedb1b920cc/spring-data-neo4j/src/test/java/org/springframework/data/neo4j/integration/constructors/PersistenceConstructorsTests.java,org.springframework.data.neo4j.integration.constructors.PersistenceConstructorsTests,shouldSupportQueryResults/0,personRepository,1
/home/sandro/workspace/sandro/MLCQCodeSmellSamples/scripts/../dataset/spring-data-neo4j_bf5704c5f710656d30e93eae8b89ebedb1b920cc/spring-data-neo4j/src/test/java/org/springframework/data/neo4j/integration/constructors/PersistenceConstructorsTests.java,org.springframework.data.neo4j.integration.constructors.PersistenceConstructorsTests,shouldHandleSimpleEntityWithConstructor/0,session,1
/home/sandro/workspace/sandro/MLCQCodeSmellSamples/scripts/../dataset/spring-data-neo4j_bf5704c5f710656d30e93eae8b89ebedb1b920cc/spring-data-neo4j/src/test/java/org/springframework/data/neo4j/integration/constructors/PersistenceConstructorsTests.java,org.springframework.data.neo4j.integration.constructors.PersistenceConstructorsTests,shouldHandleSimpleEntityWithConstructor/0,personRepository,2
/home/sandro/workspace/sandro/MLCQCodeSmellSamples/scripts/../dataset/spring-data-neo4j_bf5704c5f710656d30e93eae8b89ebedb1b920cc/spring-data-neo4j/src/test/java/org/springframework/data/neo4j/integration/constructors/PersistenceConstructorsTests.java,org.springframework.data.neo4j.integration.constructors.PersistenceConstructorsTests,shouldHandleRelationshipEntityWithConstructor/0,session,1
/home/sandro/workspace/sandro/MLCQCodeSmellSamples/scripts/../dataset/spring-data-neo4j_bf5704c5f710656d30e93eae8b89ebedb1b920cc/spring-data-neo4j/src/test/java/org/springframework/data/neo4j/integration/constructors/PersistenceConstructorsTests.java,org.springframework.data.neo4j.integration.constructors.PersistenceConstructorsTests,shouldHandleRelationshipEntityWithConstructor/0,personRepository,2
/home/sandro/workspace/sandro/MLCQCodeSmellSamples/scripts/../dataset/spring-data-neo4j_bf5704c5f710656d30e93eae8b89ebedb1b920cc/spring-data-neo4j/src/test/java/org/springframework/data/neo4j/integration/constructors/PersistenceConstructorsTests.java,org.springframework.data.neo4j.integration.constructors.PersistenceConstructorsTests,shouldHandleTypeConversion/0,pwcRepository,2
/home/sandro/workspace/sandro/MLCQCodeSmellSamples/scripts/../dataset/spring-data-neo4j_bf5704c5f710656d30e93eae8b89ebedb1b920cc/spring-data-neo4j/src/test/java/org/springframework/data/neo4j/integration/constructors/PersistenceConstructorsTests.java,org.springframework.data.neo4j.integration.constructors.PersistenceConstructorsTests,shouldHandleTypeConversion/0,session,1
/home/sandro/workspace/sandro/MLCQCodeSmellSamples/scripts/../dataset/spring-data-neo4j_bf5704c5f710656d30e93eae8b89ebedb1b920cc/spring-data-neo4j/src/test/java/org/springframework/data/neo4j/integration/constructors/PersistenceConstructorsTests.java,org.springframework.data.neo4j.integration.constructors.PersistenceConstructorsTests,setUp/0,graphDatabaseService,1
/home/sandro/workspace/sandro/MLCQCodeSmellSamples/scripts/../dataset/spring-data-neo4j_bf5704c5f710656d30e93eae8b89ebedb1b920cc/spring-data-neo4j/src/test/java/org/springframework/data/neo4j/integration/constructors/PersistenceConstructorsTests.java,org.springframework.data.neo4j.integration.constructors.PersistenceConstructorsTests,shouldHandleFinalFields/0,session,1
/home/sandro/workspace/sandro/MLCQCodeSmellSamples/scripts/../dataset/spring-data-neo4j_bf5704c5f710656d30e93eae8b89ebedb1b920cc/spring-data-neo4j/src/test/java/org/springframework/data/neo4j/integration/constructors/PersistenceConstructorsTests.java,org.springframework.data.neo4j.integration.constructors.PersistenceConstructorsTests,shouldHandleFinalFields/0,pfnRepository,2
/home/sandro/workspace/sandro/MLCQCodeSmellSamples/scripts/../dataset/spring-data-neo4j_bf5704c5f710656d30e93eae8b89ebedb1b920cc/spring-data-neo4j/src/test/java/org/springframework/data/neo4j/integration/constructors/PersistenceConstructorsTests.java,org.springframework.data.neo4j.integration.constructors.PersistenceConstructorsTests,shouldHandleCompositeAttributes/0,session,1
/home/sandro/workspace/sandro/MLCQCodeSmellSamples/scripts/../dataset/spring-data-neo4j_bf5704c5f710656d30e93eae8b89ebedb1b920cc/spring-data-neo4j/src/test/java/org/springframework/data/neo4j/integration/constructors/PersistenceConstructorsTests.java,org.springframework.data.neo4j.integration.constructors.PersistenceConstructorsTests,shouldHandleCompositeAttributes/0,pwcaRepository,2
/home/sandro/workspace/sandro/MLCQCodeSmellSamples/scripts/../dataset/spring-data-neo4j_bf5704c5f710656d30e93eae8b89ebedb1b920cc/spring-data-neo4j/src/test/java/org/springframework/data/neo4j/integration/constructors/PersistenceConstructorsTests.java,org.springframework.data.neo4j.integration.constructors.PersistenceConstructorsTests,shouldHandleRelationshipInCtor/0,manyToOneRepository,2
/home/sandro/workspace/sandro/MLCQCodeSmellSamples/scripts/../dataset/spring-data-neo4j_bf5704c5f710656d30e93eae8b89ebedb1b920cc/spring-data-neo4j/src/test/java/org/springframework/data/neo4j/integration/constructors/PersistenceConstructorsTests.java,org.springframework.data.neo4j.integration.constructors.PersistenceConstructorsTests,shouldHandleRelationshipInCtor/0,session,1
/home/sandro/workspace/sandro/MLCQCodeSmellSamples/scripts/../dataset/spring-data-neo4j_bf5704c5f710656d30e93eae8b89ebedb1b920cc/spring-data-neo4j/src/test/java/org/springframework/data/neo4j/web/WebIntegrationTests.java,org.springframework.data.neo4j.web.WebIntegrationTests,shouldShareSessionBetweenRequestsDuringSameSession/0,adam,1
/home/sandro/workspace/sandro/MLCQCodeSmellSamples/scripts/../dataset/spring-data-neo4j_bf5704c5f710656d30e93eae8b89ebedb1b920cc/spring-data-neo4j/src/test/java/org/springframework/data/neo4j/web/WebIntegrationTests.java,org.springframework.data.neo4j.web.WebIntegrationTests,shouldShareSessionBetweenRequestsDuringSameSession/0,mockMvc,4
/home/sandro/workspace/sandro/MLCQCodeSmellSamples/scripts/../dataset/spring-data-neo4j_bf5704c5f710656d30e93eae8b89ebedb1b920cc/spring-data-neo4j/src/test/java/org/springframework/data/neo4j/web/WebIntegrationTests.java,org.springframework.data.neo4j.web.WebIntegrationTests,shouldShareSessionBetweenRequestsDuringSameSession/0,daniela,1
/home/sandro/workspace/sandro/MLCQCodeSmellSamples/scripts/../dataset/spring-data-neo4j_bf5704c5f710656d30e93eae8b89ebedb1b920cc/spring-data-neo4j/src/test/java/org/springframework/data/neo4j/web/WebIntegrationTests.java,org.springframework.data.neo4j.web.WebIntegrationTests,shouldShareSessionBetweenRequestsDuringSameSession/0,michal,1
/home/sandro/workspace/sandro/MLCQCodeSmellSamples/scripts/../dataset/spring-data-neo4j_bf5704c5f710656d30e93eae8b89ebedb1b920cc/spring-data-neo4j/src/test/java/org/springframework/data/neo4j/web/WebIntegrationTests.java,org.springframework.data.neo4j.web.WebIntegrationTests,shouldShareSessionBetweenRequestsDuringSameSession/0,vince,1
/home/sandro/workspace/sandro/MLCQCodeSmellSamples/scripts/../dataset/spring-data-neo4j_bf5704c5f710656d30e93eae8b89ebedb1b920cc/spring-data-neo4j/src/test/java/org/springframework/data/neo4j/web/WebIntegrationTests.java,org.springframework.data.neo4j.web.WebIntegrationTests,shouldNotShareSessionBetweenRequestsWithDifferentSession/0,adam,1
/home/sandro/workspace/sandro/MLCQCodeSmellSamples/scripts/../dataset/spring-data-neo4j_bf5704c5f710656d30e93eae8b89ebedb1b920cc/spring-data-neo4j/src/test/java/org/springframework/data/neo4j/web/WebIntegrationTests.java,org.springframework.data.neo4j.web.WebIntegrationTests,shouldNotShareSessionBetweenRequestsWithDifferentSession/0,mockMvc,2
/home/sandro/workspace/sandro/MLCQCodeSmellSamples/scripts/../dataset/spring-data-neo4j_bf5704c5f710656d30e93eae8b89ebedb1b920cc/spring-data-neo4j/src/test/java/org/springframework/data/neo4j/web/WebIntegrationTests.java,org.springframework.data.neo4j.web.WebIntegrationTests,shouldNotShareSessionBetweenRequestsWithDifferentSession/0,vince,1
/home/sandro/workspace/sandro/MLCQCodeSmellSamples/scripts/../dataset/spring-data-neo4j_bf5704c5f710656d30e93eae8b89ebedb1b920cc/spring-data-neo4j/src/test/java/org/springframework/data/neo4j/web/WebIntegrationTests.java,org.springframework.data.neo4j.web.WebIntegrationTests,setUp/0,adam,3
/home/sandro/workspace/sandro/MLCQCodeSmellSamples/scripts/../dataset/spring-data-neo4j_bf5704c5f710656d30e93eae8b89ebedb1b920cc/spring-data-neo4j/src/test/java/org/springframework/data/neo4j/web/WebIntegrationTests.java,org.springframework.data.neo4j.web.WebIntegrationTests,setUp/0,mockMvc,1
/home/sandro/workspace/sandro/MLCQCodeSmellSamples/scripts/../dataset/spring-data-neo4j_bf5704c5f710656d30e93eae8b89ebedb1b920cc/spring-data-neo4j/src/test/java/org/springframework/data/neo4j/web/WebIntegrationTests.java,org.springframework.data.neo4j.web.WebIntegrationTests,setUp/0,daniela,3
/home/sandro/workspace/sandro/MLCQCodeSmellSamples/scripts/../dataset/spring-data-neo4j_bf5704c5f710656d30e93eae8b89ebedb1b920cc/spring-data-neo4j/src/test/java/org/springframework/data/neo4j/web/WebIntegrationTests.java,org.springframework.data.neo4j.web.WebIntegrationTests,setUp/0,wac,1
/home/sandro/workspace/sandro/MLCQCodeSmellSamples/scripts/../dataset/spring-data-neo4j_bf5704c5f710656d30e93eae8b89ebedb1b920cc/spring-data-neo4j/src/test/java/org/springframework/data/neo4j/web/WebIntegrationTests.java,org.springframework.data.neo4j.web.WebIntegrationTests,setUp/0,michal,3
/home/sandro/workspace/sandro/MLCQCodeSmellSamples/scripts/../dataset/spring-data-neo4j_bf5704c5f710656d30e93eae8b89ebedb1b920cc/spring-data-neo4j/src/test/java/org/springframework/data/neo4j/web/WebIntegrationTests.java,org.springframework.data.neo4j.web.WebIntegrationTests,setUp/0,userRepository,1
/home/sandro/workspace/sandro/MLCQCodeSmellSamples/scripts/../dataset/spring-data-neo4j_bf5704c5f710656d30e93eae8b89ebedb1b920cc/spring-data-neo4j/src/test/java/org/springframework/data/neo4j/web/WebIntegrationTests.java,org.springframework.data.neo4j.web.WebIntegrationTests,setUp/0,vince,2
/home/sandro/workspace/sandro/MLCQCodeSmellSamples/scripts/../dataset/spring-data-neo4j_bf5704c5f710656d30e93eae8b89ebedb1b920cc/spring-data-neo4j/src/test/java/org/springframework/data/neo4j/examples/movies/domain/User.java,org.springframework.data.neo4j.examples.movies.domain.User,getMiddleName/0,middleName,1
/home/sandro/workspace/sandro/MLCQCodeSmellSamples/scripts/../dataset/spring-data-neo4j_bf5704c5f710656d30e93eae8b89ebedb1b920cc/spring-data-neo4j/src/test/java/org/springframework/data/neo4j/examples/movies/domain/User.java,org.springframework.data.neo4j.examples.movies.domain.User,"User/2[java.lang.String,java.lang.String]",surname,3
/home/sandro/workspace/sandro/MLCQCodeSmellSamples/scripts/../dataset/spring-data-neo4j_bf5704c5f710656d30e93eae8b89ebedb1b920cc/spring-data-neo4j/src/test/java/org/springframework/data/neo4j/examples/movies/domain/User.java,org.springframework.data.neo4j.examples.movies.domain.User,befriend/1[org.springframework.data.neo4j.examples.movies.domain.User],friends,1
/home/sandro/workspace/sandro/MLCQCodeSmellSamples/scripts/../dataset/spring-data-neo4j_bf5704c5f710656d30e93eae8b89ebedb1b920cc/spring-data-neo4j/src/test/java/org/springframework/data/neo4j/examples/movies/domain/User.java,org.springframework.data.neo4j.examples.movies.domain.User,setMiddleName/1[java.lang.String],middleName,3
/home/sandro/workspace/sandro/MLCQCodeSmellSamples/scripts/../dataset/spring-data-neo4j_bf5704c5f710656d30e93eae8b89ebedb1b920cc/spring-data-neo4j/src/test/java/org/springframework/data/neo4j/examples/movies/domain/User.java,org.springframework.data.neo4j.examples.movies.domain.User,notInterestedIn/1[org.springframework.data.neo4j.examples.movies.domain.Genre],interested,1
/home/sandro/workspace/sandro/MLCQCodeSmellSamples/scripts/../dataset/spring-data-neo4j_bf5704c5f710656d30e93eae8b89ebedb1b920cc/spring-data-neo4j/src/test/java/org/springframework/data/neo4j/examples/movies/domain/User.java,org.springframework.data.neo4j.examples.movies.domain.User,"rate/3[org.springframework.data.neo4j.examples.movies.domain.TempMovie,int,java.lang.String]",ratings,1
/home/sandro/workspace/sandro/MLCQCodeSmellSamples/scripts/../dataset/spring-data-neo4j_bf5704c5f710656d30e93eae8b89ebedb1b920cc/spring-data-neo4j/src/test/java/org/springframework/data/neo4j/examples/movies/domain/User.java,org.springframework.data.neo4j.examples.movies.domain.User,getFriends/0,friends,1
/home/sandro/workspace/sandro/MLCQCodeSmellSamples/scripts/../dataset/spring-data-neo4j_bf5704c5f710656d30e93eae8b89ebedb1b920cc/spring-data-neo4j/src/test/java/org/springframework/data/neo4j/examples/movies/domain/User.java,org.springframework.data.neo4j.examples.movies.domain.User,interestedIn/1[org.springframework.data.neo4j.examples.movies.domain.Genre],interested,1
/home/sandro/workspace/sandro/MLCQCodeSmellSamples/scripts/../dataset/spring-data-neo4j_bf5704c5f710656d30e93eae8b89ebedb1b920cc/spring-data-neo4j/src/test/java/org/springframework/data/neo4j/examples/movies/domain/User.java,org.springframework.data.neo4j.examples.movies.domain.User,getEmailAddresses/0,emailAddresses,1
/home/sandro/workspace/sandro/MLCQCodeSmellSamples/scripts/../dataset/spring-data-neo4j_bf5704c5f710656d30e93eae8b89ebedb1b920cc/spring-data-neo4j/src/test/java/org/springframework/data/neo4j/examples/movies/domain/User.java,org.springframework.data.neo4j.examples.movies.domain.User,getSurname/0,surname,1
/home/sandro/workspace/sandro/MLCQCodeSmellSamples/scripts/../dataset/spring-data-neo4j_bf5704c5f710656d30e93eae8b89ebedb1b920cc/spring-data-neo4j/src/test/java/org/springframework/data/neo4j/examples/movies/domain/User.java,org.springframework.data.neo4j.examples.movies.domain.User,getRatings/0,ratings,1
/home/sandro/workspace/sandro/MLCQCodeSmellSamples/scripts/../dataset/spring-data-neo4j_bf5704c5f710656d30e93eae8b89ebedb1b920cc/spring-data-neo4j/src/test/java/org/springframework/data/neo4j/examples/movies/domain/User.java,org.springframework.data.neo4j.examples.movies.domain.User,setEmailAddresses/1[java.util.Set<java.lang.String>],emailAddresses,3
/home/sandro/workspace/sandro/MLCQCodeSmellSamples/scripts/../dataset/spring-data-neo4j_bf5704c5f710656d30e93eae8b89ebedb1b920cc/spring-data-neo4j/src/test/java/org/springframework/data/neo4j/integration/constructors/domain/PersonWithManyToOneRel.java,org.springframework.data.neo4j.integration.constructors.domain.PersonWithManyToOneRel,"PersonWithManyToOneRel/2[java.lang.String,org.springframework.data.neo4j.integration.constructors.domain.Group]",name,4
/home/sandro/workspace/sandro/MLCQCodeSmellSamples/scripts/../dataset/spring-data-neo4j_bf5704c5f710656d30e93eae8b89ebedb1b920cc/spring-data-neo4j/src/test/java/org/springframework/data/neo4j/integration/constructors/domain/PersonWithManyToOneRel.java,org.springframework.data.neo4j.integration.constructors.domain.PersonWithManyToOneRel,"PersonWithManyToOneRel/2[java.lang.String,org.springframework.data.neo4j.integration.constructors.domain.Group]",group,3
/home/sandro/workspace/sandro/MLCQCodeSmellSamples/scripts/../dataset/spring-data-neo4j_bf5704c5f710656d30e93eae8b89ebedb1b920cc/spring-data-neo4j/src/test/java/org/springframework/data/neo4j/integration/constructors/domain/PersonWithManyToOneRel.java,org.springframework.data.neo4j.integration.constructors.domain.PersonWithManyToOneRel,getGroup/0,group,1
/home/sandro/workspace/sandro/MLCQCodeSmellSamples/scripts/../dataset/spring-data-neo4j_bf5704c5f710656d30e93eae8b89ebedb1b920cc/spring-data-neo4j/src/test/java/org/springframework/data/neo4j/integration/constructors/domain/PersonWithManyToOneRel.java,org.springframework.data.neo4j.integration.constructors.domain.PersonWithManyToOneRel,getName/0,name,1
/home/sandro/workspace/sandro/MLCQCodeSmellSamples/scripts/../dataset/spring-data-neo4j_bf5704c5f710656d30e93eae8b89ebedb1b920cc/spring-data-neo4j/src/test/java/org/springframework/data/neo4j/integration/constructors/domain/PersonWithManyToOneRel.java,org.springframework.data.neo4j.integration.constructors.domain.PersonWithManyToOneRel,equals/1[java.lang.Object],name,1
/home/sandro/workspace/sandro/MLCQCodeSmellSamples/scripts/../dataset/spring-data-neo4j_bf5704c5f710656d30e93eae8b89ebedb1b920cc/spring-data-neo4j/src/test/java/org/springframework/data/neo4j/integration/constructors/domain/PersonWithManyToOneRel.java,org.springframework.data.neo4j.integration.constructors.domain.PersonWithManyToOneRel,hashCode/0,name,1
/home/sandro/workspace/sandro/MLCQCodeSmellSamples/scripts/../dataset/spring-data-neo4j_bf5704c5f710656d30e93eae8b89ebedb1b920cc/spring-data-neo4j/src/test/java/org/springframework/data/neo4j/examples/movies/domain/queryresult/CinemaQueryResultInterfaceImpl.java,org.springframework.data.neo4j.examples.movies.domain.queryresult.CinemaQueryResultInterfaceImpl,getId/0,id,1
/home/sandro/workspace/sandro/MLCQCodeSmellSamples/scripts/../dataset/spring-data-neo4j_bf5704c5f710656d30e93eae8b89ebedb1b920cc/spring-data-neo4j/src/test/java/org/springframework/data/neo4j/examples/movies/domain/queryresult/CinemaQueryResultInterfaceImpl.java,org.springframework.data.neo4j.examples.movies.domain.queryresult.CinemaQueryResultInterfaceImpl,setName/1[java.lang.String],name,3
/home/sandro/workspace/sandro/MLCQCodeSmellSamples/scripts/../dataset/spring-data-neo4j_bf5704c5f710656d30e93eae8b89ebedb1b920cc/spring-data-neo4j/src/test/java/org/springframework/data/neo4j/examples/movies/domain/queryresult/CinemaQueryResultInterfaceImpl.java,org.springframework.data.neo4j.examples.movies.domain.queryresult.CinemaQueryResultInterfaceImpl,getName/0,name,1
/home/sandro/workspace/sandro/MLCQCodeSmellSamples/scripts/../dataset/spring-data-neo4j_bf5704c5f710656d30e93eae8b89ebedb1b920cc/spring-data-neo4j/src/test/java/org/springframework/data/neo4j/examples/movies/domain/queryresult/CinemaQueryResultInterfaceImpl.java,org.springframework.data.neo4j.examples.movies.domain.queryresult.CinemaQueryResultInterfaceImpl,setId/1[java.lang.Long],id,3
/home/sandro/workspace/sandro/MLCQCodeSmellSamples/scripts/../dataset/spring-data-neo4j_bf5704c5f710656d30e93eae8b89ebedb1b920cc/spring-data-neo4j/src/main/java/org/springframework/data/neo4j/repository/query/GraphQueryExecution.java,org.springframework.data.neo4j.repository.query.GraphQueryExecution$SlicedExecution,"SlicedExecution/2[org.springframework.data.neo4j.repository.query.Session,org.springframework.data.neo4j.repository.query.GraphParameterAccessor]",session,3
/home/sandro/workspace/sandro/MLCQCodeSmellSamples/scripts/../dataset/spring-data-neo4j_bf5704c5f710656d30e93eae8b89ebedb1b920cc/spring-data-neo4j/src/main/java/org/springframework/data/neo4j/repository/query/GraphQueryExecution.java,org.springframework.data.neo4j.repository.query.GraphQueryExecution$SlicedExecution,"SlicedExecution/2[org.springframework.data.neo4j.repository.query.Session,org.springframework.data.neo4j.repository.query.GraphParameterAccessor]",accessor,4
/home/sandro/workspace/sandro/MLCQCodeSmellSamples/scripts/../dataset/spring-data-neo4j_bf5704c5f710656d30e93eae8b89ebedb1b920cc/spring-data-neo4j/src/main/java/org/springframework/data/neo4j/repository/query/GraphQueryExecution.java,org.springframework.data.neo4j.repository.query.GraphQueryExecution$SlicedExecution,"SlicedExecution/2[org.springframework.data.neo4j.repository.query.Session,org.springframework.data.neo4j.repository.query.GraphParameterAccessor]",pageable,1
/home/sandro/workspace/sandro/MLCQCodeSmellSamples/scripts/../dataset/spring-data-neo4j_bf5704c5f710656d30e93eae8b89ebedb1b920cc/spring-data-neo4j/src/main/java/org/springframework/data/neo4j/repository/query/GraphQueryExecution.java,org.springframework.data.neo4j.repository.query.GraphQueryExecution$SlicedExecution,"execute/2[org.springframework.data.neo4j.repository.query.Query,java.lang.Class<?>]",session,3
/home/sandro/workspace/sandro/MLCQCodeSmellSamples/scripts/../dataset/spring-data-neo4j_bf5704c5f710656d30e93eae8b89ebedb1b920cc/spring-data-neo4j/src/main/java/org/springframework/data/neo4j/repository/query/GraphQueryExecution.java,org.springframework.data.neo4j.repository.query.GraphQueryExecution$SlicedExecution,"execute/2[org.springframework.data.neo4j.repository.query.Query,java.lang.Class<?>]",accessor,2
/home/sandro/workspace/sandro/MLCQCodeSmellSamples/scripts/../dataset/spring-data-neo4j_bf5704c5f710656d30e93eae8b89ebedb1b920cc/spring-data-neo4j/src/main/java/org/springframework/data/neo4j/repository/query/GraphQueryExecution.java,org.springframework.data.neo4j.repository.query.GraphQueryExecution$SlicedExecution,"execute/2[org.springframework.data.neo4j.repository.query.Query,java.lang.Class<?>]",pageable,4
/home/sandro/workspace/sandro/MLCQCodeSmellSamples/scripts/../dataset/spring-data-neo4j_bf5704c5f710656d30e93eae8b89ebedb1b920cc/.mvn/wrapper/MavenWrapperDownloader.java,MavenWrapperDownloader,main/1[java.lang.String[]],DEFAULT_DOWNLOAD_URL,1
/home/sandro/workspace/sandro/MLCQCodeSmellSamples/scripts/../dataset/spring-data-neo4j_bf5704c5f710656d30e93eae8b89ebedb1b920cc/.mvn/wrapper/MavenWrapperDownloader.java,MavenWrapperDownloader,main/1[java.lang.String[]],MAVEN_WRAPPER_JAR_PATH,1
/home/sandro/workspace/sandro/MLCQCodeSmellSamples/scripts/../dataset/spring-data-neo4j_bf5704c5f710656d30e93eae8b89ebedb1b920cc/.mvn/wrapper/MavenWrapperDownloader.java,MavenWrapperDownloader,main/1[java.lang.String[]],PROPERTY_NAME_WRAPPER_URL,1
/home/sandro/workspace/sandro/MLCQCodeSmellSamples/scripts/../dataset/spring-data-neo4j_bf5704c5f710656d30e93eae8b89ebedb1b920cc/.mvn/wrapper/MavenWrapperDownloader.java,MavenWrapperDownloader,main/1[java.lang.String[]],MAVEN_WRAPPER_PROPERTIES_PATH,2
/home/sandro/workspace/sandro/MLCQCodeSmellSamples/scripts/../dataset/spring-data-neo4j_bf5704c5f710656d30e93eae8b89ebedb1b920cc/spring-data-neo4j/src/test/java/org/springframework/data/neo4j/queries/QueryIntegrationTests.java,org.springframework.data.neo4j.queries.QueryIntegrationTests,shouldFindUserByNameUsingSpElWithIndex/0,transactionTemplate,1
/home/sandro/workspace/sandro/MLCQCodeSmellSamples/scripts/../dataset/spring-data-neo4j_bf5704c5f710656d30e93eae8b89ebedb1b920cc/spring-data-neo4j/src/test/java/org/springframework/data/neo4j/queries/QueryIntegrationTests.java,org.springframework.data.neo4j.queries.QueryIntegrationTests,shouldFindUsersAsProperties/0,transactionTemplate,1
/home/sandro/workspace/sandro/MLCQCodeSmellSamples/scripts/../dataset/spring-data-neo4j_bf5704c5f710656d30e93eae8b89ebedb1b920cc/spring-data-neo4j/src/test/java/org/springframework/data/neo4j/queries/QueryIntegrationTests.java,org.springframework.data.neo4j.queries.QueryIntegrationTests,shouldFindScalarValues/0,transactionTemplate,1
/home/sandro/workspace/sandro/MLCQCodeSmellSamples/scripts/../dataset/spring-data-neo4j_bf5704c5f710656d30e93eae8b89ebedb1b920cc/spring-data-neo4j/src/test/java/org/springframework/data/neo4j/queries/QueryIntegrationTests.java,org.springframework.data.neo4j.queries.QueryIntegrationTests,shouldFindUserByNameUsingSpElWithValue/0,transactionTemplate,1
/home/sandro/workspace/sandro/MLCQCodeSmellSamples/scripts/../dataset/spring-data-neo4j_bf5704c5f710656d30e93eae8b89ebedb1b920cc/spring-data-neo4j/src/test/java/org/springframework/data/neo4j/queries/QueryIntegrationTests.java,org.springframework.data.neo4j.queries.QueryIntegrationTests,shouldFindUserByNameAndMiddleNameUsingSpElWithObject/0,transactionTemplate,1
/home/sandro/workspace/sandro/MLCQCodeSmellSamples/scripts/../dataset/spring-data-neo4j_bf5704c5f710656d30e93eae8b89ebedb1b920cc/spring-data-neo4j/src/test/java/org/springframework/data/neo4j/queries/QueryIntegrationTests.java,org.springframework.data.neo4j.queries.QueryIntegrationTests,shouldFindUserByNameAndSurnameUsingSpElPropertyAndIndexWithOneParameter/0,transactionTemplate,1
/home/sandro/workspace/sandro/MLCQCodeSmellSamples/scripts/../dataset/spring-data-neo4j_bf5704c5f710656d30e93eae8b89ebedb1b920cc/spring-data-neo4j/src/test/java/org/springframework/data/neo4j/queries/QueryIntegrationTests.java,org.springframework.data.neo4j.queries.QueryIntegrationTests,shouldMapRECollectionsIntoQueryResultObjects/0,transactionTemplate,1
/home/sandro/workspace/sandro/MLCQCodeSmellSamples/scripts/../dataset/spring-data-neo4j_bf5704c5f710656d30e93eae8b89ebedb1b920cc/spring-data-neo4j/src/test/java/org/springframework/data/neo4j/queries/QueryIntegrationTests.java,org.springframework.data.neo4j.queries.QueryIntegrationTests,shouldFindUserByNameAndSurnameUsingSpElIndexAndPlaceholderWithOneParameter/0,transactionTemplate,1
/home/sandro/workspace/sandro/MLCQCodeSmellSamples/scripts/../dataset/spring-data-neo4j_bf5704c5f710656d30e93eae8b89ebedb1b920cc/spring-data-neo4j/src/test/java/org/springframework/data/neo4j/queries/QueryIntegrationTests.java,org.springframework.data.neo4j.queries.QueryIntegrationTests,shouldFindUsersAndMapThemToProxiedQueryResultInterface/0,transactionTemplate,1
/home/sandro/workspace/sandro/MLCQCodeSmellSamples/scripts/../dataset/spring-data-neo4j_bf5704c5f710656d30e93eae8b89ebedb1b920cc/spring-data-neo4j/src/test/java/org/springframework/data/neo4j/queries/QueryIntegrationTests.java,org.springframework.data.neo4j.queries.QueryIntegrationTests,shouldFindUsers/0,transactionTemplate,1
/home/sandro/workspace/sandro/MLCQCodeSmellSamples/scripts/../dataset/spring-data-neo4j_bf5704c5f710656d30e93eae8b89ebedb1b920cc/spring-data-neo4j/src/test/java/org/springframework/data/neo4j/queries/QueryIntegrationTests.java,org.springframework.data.neo4j.queries.QueryIntegrationTests,clearDatabase/0,neo4jTestServer,1
/home/sandro/workspace/sandro/MLCQCodeSmellSamples/scripts/../dataset/spring-data-neo4j_bf5704c5f710656d30e93eae8b89ebedb1b920cc/spring-data-neo4j/src/test/java/org/springframework/data/neo4j/queries/QueryIntegrationTests.java,org.springframework.data.neo4j.queries.QueryIntegrationTests,shouldMapNullsToQueryResults/0,transactionTemplate,1
/home/sandro/workspace/sandro/MLCQCodeSmellSamples/scripts/../dataset/spring-data-neo4j_bf5704c5f710656d30e93eae8b89ebedb1b920cc/spring-data-neo4j/src/test/java/org/springframework/data/neo4j/queries/QueryIntegrationTests.java,org.springframework.data.neo4j.queries.QueryIntegrationTests,shouldFindUserByNameUsingNativeIndexAndNameAndSpElNameAndSpElIndex/0,transactionTemplate,1
/home/sandro/workspace/sandro/MLCQCodeSmellSamples/scripts/../dataset/spring-data-neo4j_bf5704c5f710656d30e93eae8b89ebedb1b920cc/spring-data-neo4j/src/test/java/org/springframework/data/neo4j/queries/QueryIntegrationTests.java,org.springframework.data.neo4j.queries.QueryIntegrationTests,shouldFindUsersAndMapThemToConcreteQueryResultObjectCollection/0,transactionTemplate,1
/home/sandro/workspace/sandro/MLCQCodeSmellSamples/scripts/../dataset/spring-data-neo4j_bf5704c5f710656d30e93eae8b89ebedb1b920cc/spring-data-neo4j/src/test/java/org/springframework/data/neo4j/queries/QueryIntegrationTests.java,org.springframework.data.neo4j.queries.QueryIntegrationTests,shouldFindTotalUsers/0,transactionTemplate,1
/home/sandro/workspace/sandro/MLCQCodeSmellSamples/scripts/../dataset/spring-data-neo4j_bf5704c5f710656d30e93eae8b89ebedb1b920cc/spring-data-neo4j/src/test/java/org/springframework/data/neo4j/queries/QueryIntegrationTests.java,org.springframework.data.neo4j.queries.QueryIntegrationTests,shouldFindUserByNameAndSurnameUsingSpElPropertyAndSpElIndex/0,transactionTemplate,1
/home/sandro/workspace/sandro/MLCQCodeSmellSamples/scripts/../dataset/spring-data-neo4j_bf5704c5f710656d30e93eae8b89ebedb1b920cc/spring-data-neo4j/src/test/java/org/springframework/data/neo4j/queries/QueryIntegrationTests.java,org.springframework.data.neo4j.queries.QueryIntegrationTests,shouldFindUserByNameAndSurnameUsingSpElPropertyTwice/0,transactionTemplate,1
/home/sandro/workspace/sandro/MLCQCodeSmellSamples/scripts/../dataset/spring-data-neo4j_bf5704c5f710656d30e93eae8b89ebedb1b920cc/spring-data-neo4j/src/test/java/org/springframework/data/neo4j/queries/QueryIntegrationTests.java,org.springframework.data.neo4j.queries.QueryIntegrationTests,shouldFindUserByNameWithNamedParam/0,transactionTemplate,1
/home/sandro/workspace/sandro/MLCQCodeSmellSamples/scripts/../dataset/spring-data-neo4j_bf5704c5f710656d30e93eae8b89ebedb1b920cc/spring-data-neo4j/src/test/java/org/springframework/data/neo4j/queries/QueryIntegrationTests.java,org.springframework.data.neo4j.queries.QueryIntegrationTests,shouldFindUserByName/0,transactionTemplate,1
/home/sandro/workspace/sandro/MLCQCodeSmellSamples/scripts/../dataset/spring-data-neo4j_bf5704c5f710656d30e93eae8b89ebedb1b920cc/spring-data-neo4j/src/test/java/org/springframework/data/neo4j/queries/QueryIntegrationTests.java,org.springframework.data.neo4j.queries.QueryIntegrationTests,shouldFindArbitraryGraph/0,transactionTemplate,1
/home/sandro/workspace/sandro/MLCQCodeSmellSamples/scripts/../dataset/spring-data-neo4j_bf5704c5f710656d30e93eae8b89ebedb1b920cc/spring-data-neo4j/src/test/java/org/springframework/data/neo4j/queries/QueryIntegrationTests.java,org.springframework.data.neo4j.queries.QueryIntegrationTests,shouldFindUserByNameUsingSpElWithIndexColon/0,transactionTemplate,1
/home/sandro/workspace/sandro/MLCQCodeSmellSamples/scripts/../dataset/spring-data-neo4j_bf5704c5f710656d30e93eae8b89ebedb1b920cc/spring-data-neo4j/src/test/java/org/springframework/data/neo4j/queries/QueryIntegrationTests.java,org.springframework.data.neo4j.queries.QueryIntegrationTests,shouldFindUserByAgeUsingSpElWithGenericSpElExpression/0,transactionTemplate,1
/home/sandro/workspace/sandro/MLCQCodeSmellSamples/scripts/../dataset/spring-data-neo4j_bf5704c5f710656d30e93eae8b89ebedb1b920cc/spring-data-neo4j/src/test/java/org/springframework/data/neo4j/queries/QueryIntegrationTests.java,org.springframework.data.neo4j.queries.QueryIntegrationTests,shouldFindIterableUsers/0,transactionTemplate,1
/home/sandro/workspace/sandro/MLCQCodeSmellSamples/scripts/../dataset/spring-data-neo4j_bf5704c5f710656d30e93eae8b89ebedb1b920cc/spring-data-neo4j/src/test/java/org/springframework/data/neo4j/queries/QueryIntegrationTests.java,org.springframework.data.neo4j.queries.QueryIntegrationTests,shouldFindUserByNameAndSurnameUsingSpElPropertyAndPlaceholderWithOneParameter/0,transactionTemplate,1
/home/sandro/workspace/sandro/MLCQCodeSmellSamples/scripts/../dataset/spring-data-neo4j_bf5704c5f710656d30e93eae8b89ebedb1b920cc/spring-data-neo4j/src/test/java/org/springframework/data/neo4j/queries/QueryIntegrationTests.java,org.springframework.data.neo4j.queries.QueryIntegrationTests,shouldMapRelationshipCollectionsWithDepth0IntoQueryResultObjects/0,transactionTemplate,1
/home/sandro/workspace/sandro/MLCQCodeSmellSamples/scripts/../dataset/spring-data-neo4j_bf5704c5f710656d30e93eae8b89ebedb1b920cc/spring-data-neo4j/src/test/java/org/springframework/data/neo4j/queries/QueryIntegrationTests.java,org.springframework.data.neo4j.queries.QueryIntegrationTests,shouldMapEntitiesToProxiedQueryResultInterface/0,transactionTemplate,1
/home/sandro/workspace/sandro/MLCQCodeSmellSamples/scripts/../dataset/spring-data-neo4j_bf5704c5f710656d30e93eae8b89ebedb1b920cc/spring-data-neo4j/src/test/java/org/springframework/data/neo4j/queries/QueryIntegrationTests.java,org.springframework.data.neo4j.queries.QueryIntegrationTests,executeUpdate/1[java.lang.String],neo4jTestServer,1
/home/sandro/workspace/sandro/MLCQCodeSmellSamples/scripts/../dataset/spring-data-neo4j_bf5704c5f710656d30e93eae8b89ebedb1b920cc/spring-data-neo4j/src/test/java/org/springframework/data/neo4j/queries/QueryIntegrationTests.java,org.springframework.data.neo4j.queries.QueryIntegrationTests,shouldMapNodeEntitiesIntoQueryResultObjects/0,transactionTemplate,1
/home/sandro/workspace/sandro/MLCQCodeSmellSamples/scripts/../dataset/spring-data-neo4j_bf5704c5f710656d30e93eae8b89ebedb1b920cc/spring-data-neo4j/src/test/java/org/springframework/data/neo4j/queries/QueryIntegrationTests.java,org.springframework.data.neo4j.queries.QueryIntegrationTests,shouldSubstituteUserId/0,transactionTemplate,1
/home/sandro/workspace/sandro/MLCQCodeSmellSamples/scripts/../dataset/spring-data-neo4j_bf5704c5f710656d30e93eae8b89ebedb1b920cc/spring-data-neo4j/src/test/java/org/springframework/data/neo4j/queries/QueryIntegrationTests.java,org.springframework.data.neo4j.queries.QueryIntegrationTests,shouldMapNodeCollectionsIntoQueryResultObjects/0,transactionTemplate,1
/home/sandro/workspace/sandro/MLCQCodeSmellSamples/scripts/../dataset/spring-data-neo4j_bf5704c5f710656d30e93eae8b89ebedb1b920cc/spring-data-neo4j/src/test/java/org/springframework/data/neo4j/queries/QueryIntegrationTests.java,org.springframework.data.neo4j.queries.QueryIntegrationTests,shouldReturnMultipleQueryResultObjects/0,transactionTemplate,1
/home/sandro/workspace/sandro/MLCQCodeSmellSamples/scripts/../dataset/spring-data-neo4j_bf5704c5f710656d30e93eae8b89ebedb1b920cc/spring-data-neo4j/src/test/java/org/springframework/data/neo4j/queries/QueryIntegrationTests.java,org.springframework.data.neo4j.queries.QueryIntegrationTests,shouldRetrieveUsersByGenderAndConvertToCorrectTypes/0,transactionTemplate,1
/home/sandro/workspace/sandro/MLCQCodeSmellSamples/scripts/../dataset/spring-data-neo4j_bf5704c5f710656d30e93eae8b89ebedb1b920cc/spring-data-neo4j/src/test/java/org/springframework/data/neo4j/queries/QueryIntegrationTests.java,org.springframework.data.neo4j.queries.QueryIntegrationTests,shouldFindUserByNameUsingSpElWithObject/0,transactionTemplate,1
/home/sandro/workspace/sandro/MLCQCodeSmellSamples/scripts/../dataset/spring-data-neo4j_bf5704c5f710656d30e93eae8b89ebedb1b920cc/spring-data-neo4j/src/test/java/org/springframework/data/neo4j/queries/QueryIntegrationTests.java,org.springframework.data.neo4j.queries.QueryIntegrationTests,shouldThrowMappingExceptionIfQueryResultTypeIsNotManagedInMappingMetadata/0,transactionTemplate,1
/home/sandro/workspace/sandro/MLCQCodeSmellSamples/scripts/../dataset/spring-data-neo4j_bf5704c5f710656d30e93eae8b89ebedb1b920cc/spring-data-neo4j/src/test/java/org/springframework/data/neo4j/queries/QueryIntegrationTests.java,org.springframework.data.neo4j.queries.QueryIntegrationTests,shouldMapEmptyNullCollectionsToQueryResultInterface/0,transactionTemplate,1
/home/sandro/workspace/sandro/MLCQCodeSmellSamples/scripts/../dataset/spring-data-neo4j_bf5704c5f710656d30e93eae8b89ebedb1b920cc/spring-data-neo4j/src/test/java/org/springframework/data/neo4j/queries/QueryIntegrationTests.java,org.springframework.data.neo4j.queries.QueryIntegrationTests,shouldAllowNullParameters/0,transactionTemplate,1
/home/sandro/workspace/sandro/MLCQCodeSmellSamples/scripts/../dataset/spring-data-neo4j_bf5704c5f710656d30e93eae8b89ebedb1b920cc/spring-data-neo4j/src/test/java/org/springframework/data/neo4j/queries/QueryIntegrationTests.java,org.springframework.data.neo4j.queries.QueryIntegrationTests,shouldSubstituteNamedParamUserId/0,transactionTemplate,1
/home/sandro/workspace/sandro/MLCQCodeSmellSamples/scripts/../dataset/spring-data-neo4j_bf5704c5f710656d30e93eae8b89ebedb1b920cc/spring-data-neo4j/src/test/java/org/springframework/data/neo4j/queries/QueryIntegrationTests.java,org.springframework.data.neo4j.queries.QueryIntegrationTests,namedParameterShouldWorkWithouthAtParamsInAtQueryMethods/0,transactionTemplate,1
/home/sandro/workspace/sandro/MLCQCodeSmellSamples/scripts/../dataset/spring-data-neo4j_bf5704c5f710656d30e93eae8b89ebedb1b920cc/spring-data-neo4j/src/main/java/org/springframework/data/neo4j/repository/config/Neo4jOgmEntityInstantiatorConfigurationBean.java,org.springframework.data.neo4j.repository.config.Neo4jOgmEntityInstantiatorConfigurationBean$ConversionServiceBasedConversionCallback,"convert/2[java.lang.Class<T>,java.lang.Object]",delegate,1
/home/sandro/workspace/sandro/MLCQCodeSmellSamples/scripts/../dataset/spring-data-neo4j_bf5704c5f710656d30e93eae8b89ebedb1b920cc/spring-data-neo4j/src/main/java/org/springframework/data/neo4j/repository/config/Neo4jOgmEntityInstantiatorConfigurationBean.java,org.springframework.data.neo4j.repository.config.Neo4jOgmEntityInstantiatorConfigurationBean$ConversionServiceBasedConversionCallback,ConversionServiceBasedConversionCallback/1[org.springframework.data.neo4j.repository.config.ConversionService],delegate,1
/home/sandro/workspace/sandro/MLCQCodeSmellSamples/scripts/../dataset/spring-data-neo4j_bf5704c5f710656d30e93eae8b89ebedb1b920cc/spring-data-neo4j/src/test/java/org/springframework/data/neo4j/domain/sample/Role.java,org.springframework.data.neo4j.domain.sample.Role,Role/1[java.lang.String],name,4
/home/sandro/workspace/sandro/MLCQCodeSmellSamples/scripts/../dataset/spring-data-neo4j_bf5704c5f710656d30e93eae8b89ebedb1b920cc/spring-data-neo4j/src/test/java/org/springframework/data/neo4j/domain/sample/Role.java,org.springframework.data.neo4j.domain.sample.Role,toString/0,PREFIX,1
/home/sandro/workspace/sandro/MLCQCodeSmellSamples/scripts/../dataset/spring-data-neo4j_bf5704c5f710656d30e93eae8b89ebedb1b920cc/spring-data-neo4j/src/test/java/org/springframework/data/neo4j/domain/sample/Role.java,org.springframework.data.neo4j.domain.sample.Role,toString/0,name,1
/home/sandro/workspace/sandro/MLCQCodeSmellSamples/scripts/../dataset/spring-data-neo4j_bf5704c5f710656d30e93eae8b89ebedb1b920cc/spring-data-neo4j/src/test/java/org/springframework/data/neo4j/domain/sample/Role.java,org.springframework.data.neo4j.domain.sample.Role,getId/0,id,1
/home/sandro/workspace/sandro/MLCQCodeSmellSamples/scripts/../dataset/spring-data-neo4j_bf5704c5f710656d30e93eae8b89ebedb1b920cc/spring-data-neo4j/src/test/java/org/springframework/data/neo4j/domain/sample/Role.java,org.springframework.data.neo4j.domain.sample.Role,isNew/0,id,1
/home/sandro/workspace/sandro/MLCQCodeSmellSamples/scripts/../dataset/spring-data-neo4j_bf5704c5f710656d30e93eae8b89ebedb1b920cc/spring-data-neo4j/src/test/java/org/springframework/data/neo4j/domain/sample/Role.java,org.springframework.data.neo4j.domain.sample.Role,getName/0,name,1
/home/sandro/workspace/sandro/MLCQCodeSmellSamples/scripts/../dataset/spring-data-neo4j_bf5704c5f710656d30e93eae8b89ebedb1b920cc/spring-data-neo4j/src/main/java/org/springframework/data/neo4j/repository/query/GraphQueryExecution.java,org.springframework.data.neo4j.repository.query.GraphQueryExecution$DeleteByExecution,"DeleteByExecution/2[org.springframework.data.neo4j.repository.query.Session,org.springframework.data.neo4j.repository.query.GraphQueryMethod]",session,3
/home/sandro/workspace/sandro/MLCQCodeSmellSamples/scripts/../dataset/spring-data-neo4j_bf5704c5f710656d30e93eae8b89ebedb1b920cc/spring-data-neo4j/src/main/java/org/springframework/data/neo4j/repository/query/GraphQueryExecution.java,org.springframework.data.neo4j.repository.query.GraphQueryExecution$DeleteByExecution,"DeleteByExecution/2[org.springframework.data.neo4j.repository.query.Session,org.springframework.data.neo4j.repository.query.GraphQueryMethod]",graphQueryMethod,3
/home/sandro/workspace/sandro/MLCQCodeSmellSamples/scripts/../dataset/spring-data-neo4j_bf5704c5f710656d30e93eae8b89ebedb1b920cc/spring-data-neo4j/src/main/java/org/springframework/data/neo4j/repository/query/GraphQueryExecution.java,org.springframework.data.neo4j.repository.query.GraphQueryExecution$DeleteByExecution,"execute/2[org.springframework.data.neo4j.repository.query.Query,java.lang.Class<?>]",session,1
/home/sandro/workspace/sandro/MLCQCodeSmellSamples/scripts/../dataset/spring-data-neo4j_bf5704c5f710656d30e93eae8b89ebedb1b920cc/spring-data-neo4j/src/main/java/org/springframework/data/neo4j/repository/query/GraphQueryExecution.java,org.springframework.data.neo4j.repository.query.GraphQueryExecution$DeleteByExecution,"execute/2[org.springframework.data.neo4j.repository.query.Query,java.lang.Class<?>]",graphQueryMethod,2
/home/sandro/workspace/sandro/MLCQCodeSmellSamples/scripts/../dataset/spring-data-neo4j_bf5704c5f710656d30e93eae8b89ebedb1b920cc/spring-data-neo4j/src/test/java/org/springframework/data/neo4j/web/service/UserServiceImpl.java,org.springframework.data.neo4j.web.service.UserServiceImpl,getUserByUuid/1[java.util.UUID],userRepository,1
/home/sandro/workspace/sandro/MLCQCodeSmellSamples/scripts/../dataset/spring-data-neo4j_bf5704c5f710656d30e93eae8b89ebedb1b920cc/spring-data-neo4j/src/main/java/org/springframework/data/neo4j/repository/query/GraphParameters.java,org.springframework.data.neo4j.repository.query.GraphParameters,getDepthIndex/0,depthIndex,2
/home/sandro/workspace/sandro/MLCQCodeSmellSamples/scripts/../dataset/spring-data-neo4j_bf5704c5f710656d30e93eae8b89ebedb1b920cc/spring-data-neo4j/src/main/java/org/springframework/data/neo4j/repository/query/GraphParameters.java,org.springframework.data.neo4j.repository.query.GraphParameters,"GraphParameters/2[java.util.List<org.springframework.data.neo4j.repository.query.GraphParameters.GraphParameter>,java.lang.Integer]",depthIndex,3
/home/sandro/workspace/sandro/MLCQCodeSmellSamples/scripts/../dataset/spring-data-neo4j_bf5704c5f710656d30e93eae8b89ebedb1b920cc/spring-data-neo4j/src/main/java/org/springframework/data/neo4j/repository/query/GraphParameters.java,org.springframework.data.neo4j.repository.query.GraphParameters,createParameter/1[org.springframework.data.neo4j.repository.query.MethodParameter],depthIndex,2
/home/sandro/workspace/sandro/MLCQCodeSmellSamples/scripts/../dataset/spring-data-neo4j_bf5704c5f710656d30e93eae8b89ebedb1b920cc/spring-data-neo4j/src/main/java/org/springframework/data/neo4j/repository/query/GraphParameters.java,org.springframework.data.neo4j.repository.query.GraphParameters,createFrom/1[java.util.List<org.springframework.data.neo4j.repository.query.GraphParameters.GraphParameter>],depthIndex,1
/home/sandro/workspace/sandro/MLCQCodeSmellSamples/scripts/../dataset/spring-data-neo4j_bf5704c5f710656d30e93eae8b89ebedb1b920cc/spring-data-neo4j/src/test/java/org/springframework/data/neo4j/repository/config/RepositoriesJavaConfigTests.java,org.springframework.data.neo4j.repository.config.RepositoriesJavaConfigTests,neo4jRepositoriesShouldBeRegistered/0,repositories,1
